428 34
10 245 10 10 306 60 10 10 10 10 10 10 10 872 505 652 10 10 49 10 36 453 487 667 10 10 10 10 10 115 10 10 10 14
10 601 10 10 73 67 10 10 10 10 10 10 10 1447 10 339 10 10 42 10 10 121 45 283 10 10 10 10 10 10 10 10 10 10
10 752 82 138 5577 265 49 17 280 480 1108 238 10 854 278 1275 95 121 44 86 93 1659 446 1370 10 60 86 49 31 110 10 58 76 12
141 1495 466 1156 7152 1533 423 102 1714 13131 3482 1613 10 4490 10 4992 482 251 386 417 576 5752 1521 11132 336 653 891 53 291 12636 267 1055 282 292
10 1164 10 201 218 10 101 43 10 10 10 91 10 10 57 10 163 10 10 10 292 445 386 182 164 57 193 46 268 45 10 46 10 197
10 558 196 98 10 187 23 28 89 40 1296 255 180 62 10 35 133 74 10 10 10 10 10 10 77 10 42 39 10 147 10 10 126 10
10 74 10 10 10 10 10 10 17 10 10 10 10 10 614 10 10 10 10 107 10 1584 10 895 10 10 26 10 10 363 10 10 10 79
10 10 534 612 414 139 183 125 403 236 114 10 156 257 10 10 235 542 275 335 365 409 120 397 268 36 470 218 243 32 336 437 316 10
94 946 105 61 21 125 10 140 184 97 145 309 155 10 10 56 97 10 10 10 283 636 105 156 20 10 10 90 206 89 10 153 231 109
109 1475 10 202 373 10 273 236 166 10 177 10 248 36 10 10 10 10 46 61 424 188 15 10 120 80 517 161 206 10 196 125 10 238
535 2245 114 102 10 127 12 92 199 654 3512 346 227 10 196 1276 547 10 58 413 567 4480 3512 1009 267 459 644 59 1488 609 459 585 1020 627
10 312 129 10 224 10 79 10 10 10 707 10 68 10 69 10 214 97 449 310 164 127 92 26 127 219 200 76 10 126 82 10 10 52
10 10 10 248 10 302 10 10 10 10 183 112 528 10 10 10 920 10 10 639 10 851 10 19 10 81 338 10 218 568 103 625 616 10
177 486 330 104 168 10 203 279 136 156 10 10 53 196 193 30 10 617 10 38 770 127 102 133 115 207 132 88 103 10 10 10 219 120
130 10 301 515 592 106 95 261 10 49 10 10 10 44 139 10 241 216 10 10 567 10 10 52 10 352 10 241 157 171 149 210 130 162
119 337 237 622 41 15 10 213 70 125 34 92 32 78 278 56 333 165 17 45 258 2442 544 97 76 176 10 10 30 10 136 10 215 10
141 10 465 126 278 132 157 42 744 18 161 143 210 160 10 395 10 598 234 122 10 10 10 10 201 285 317 10 42 67 10 279 251 10
235 10 484 10 153 173 568 105 782 595 354 486 467 1047 10 907 354 568 267 206 10 1872 10 10 639 659 687 224 10 502 10 807 510 10
132 382 265 725 129 10 55 184 203 16 114 10 15 10 390 20 278 508 377 74 456 290 97 10 10 241 30 88 87 54 99 203 103 80
10 37 174 1685 63 10 10 10 10 10 390 168 899 299 111 41 798 10 53 333 27 304 17 45 10 335 266 26 102 87 10 140 379 34
29 10 10 10 10 10 29 10 10 54 167 141 581 10 10 27 311 10 10 560 10 752 10 10 152 102 697 345 86 10 10 136 38 10
76 1058 10 32 249 31 10 233 352 179 83 88 11 184 274 10 10 51 10 171 46 804 401 231 10 226 91 10 216 10 157 82 10 329
10 593 408 10 195 10 82 351 10 110 10 308 10 10 10 149 77 391 10 10 452 196 10 10 10 134 128 10 160 63 15 318 81 10
10 10 225 499 78 33 10 10 158 10 100 10 93 10 10 186 165 198 28 85 271 10 268 10 10 10 571 104 274 10 10 290 10 310
47 101 73 388 77 10 71 74 50 10 13 70 10 373 200 16 30 202 108 85 298 80 934 218 64 50 92 61 108 10 10 79 158 63
152 385 267 394 621 151 541 10 518 230 216 10 392 377 610 10 295 10 287 422 369 768 464 719 460 404 633 10 704 10 263 10 188 969
10 10 198 10 31 10 179 19 10 47 128 10 115 10 347 10 192 46 32 43 395 475 185 758 50 320 212 165 566 73 67 10 78 10
105 1326 361 138 234 17 10 246 10 330 64 108 313 385 791 10 10 83 128 201 418 436 615 657 235 99 10 73 389 128 449 10 10 517
54 10 55 831 10 61 53 18 64 29 17 107 68 82 77 10 314 10 34 97 202 110 203 133 109 170 10 30 67 10 155 60 228 10
102 10 64 464 56 236 10 10 20 23 1049 194 629 10 81 408 338 10 10 633 136 495 306 55 183 486 745 645 314 341 817 628 129 234
22 337 457 1977 234 28 108 271 209 10 116 10 22 271 475 10 271 97 10 10 226 472 85 338 10 216 10 218 114 10 10 209 344 155
284 563 195 163 10 10 487 165 407 298 541 10 244 10 177 349 382 312 140 10 401 10 632 550 395 210 185 334 257 67 10 127 365 34
223 978 319 10 32 33 205 279 94 10 14 10 93 28 54 97 10 361 76 10 228 193 32 52 157 10 10 31 10 56 142 80 21 36
200 10 10 10 135 10 258 213 346 167 156 10 107 84 641 369 120 10 10 10 198 10 311 341 149 111 32 181 335 204 10 136 162 281
10 29 15 369 67 157 10 115 71 10 44 92 10 100 100 115 144 10 10 211 113 35 30 39 10 10 643 557 127 10 10 13 10 476
10 732 10 11 41 10 136 10 10 10 102 10 10 10 123 10 10 10 10 10 10 199 228 10 10 23 59 21 272 113 10 10 87 192
10 10 193 205 10 10 10 10 10 10 10 143 10 201 10 10 30 1050 10 10 226 22 52 10 10 42 10 71 56 10 10 65 105 60
79 250 16 214 78 10 538 10 25 58 10 10 39 436 475 10 280 53 10 35 10 627 57 52 167 42 10 72 46 10 21 10 103 145
22 10 312 2445 97 31 10 79 52 56 10 37 165 283 10 10 145 69 10 118 29 94 25 10 10 155 50 48 56 10 10 10 379 47
137 377 1588 2812 1942 68 624 879 121 151 26 10 137 4020 2151 22 690 2383 61 153 849 193 110 218 55 328 186 371 564 10 44 293 1270 672
129 10 10 49 40 174 13 10 155 30 10 158 52 10 204 22 113 10 10 51 10 948 10 10 10 37 10 10 10 139 10 10 124 10
10 839 10 10 176 401 10 10 10 14 10 10 315 10 10 10 11 10 239 250 10 10 10 48 109 10 10 10 10 404 130 10 10 268
95 3204 129 180 283 10 328 241 329 340 1015 10 230 10 366 384 448 10 159 72 10 799 10 338 289 376 54 140 791 474 65 175 10 654
97 993 151 135 150 183 71 271 293 15 85 184 162 267 10 206 103 202 135 86 198 10 10 10 172 113 157 45 10 34 10 216 153 10
144 10 237 913 174 402 56 376 242 37 287 55 1170 118 10 10 1798 540 33 700 87 273 349 286 406 452 905 1007 1031 739 332 394 425 1081
921 10 151 260 10 429 328 284 431 10 10 165 169 864 729 10 59 848 10 112 448 10 10 10 336 285 10 63 71 56 384 163 10 10
195 5191 169 99 206 10 12 10 10 158 120 239 149 62 1374 151 28 10 10 32 96 5332 4539 944 148 185 205 10 1709 269 344 10 10 3228
10 10 10 636 10 120 42 10 179 10 1306 10 345 10 10 188 464 421 10 1351 10 210 10 10 10 57 735 10 10 34 10 184 367 85
10 335 405 259 318 21 117 56 10 42 69 10 75 10 671 113 10 114 192 135 10 904 891 58 33 96 10 82 611 241 10 228 39 249
10 10 910 655 407 360 436 466 359 163 373 10 321 10 10 10 293 696 651 10 10 755 1014 10 335 187 472 127 94 132 10 784 386 37
10 1482 10 10 10 104 11 10 10 10 10 10 10 18 401 10 10 39 10 10 83 10 2262 10 10 10 10 10 830 32 10 323 84 128
86 10 10 10 10 236 209 694 10 1364 298 121 62 599 10 285 102 163 214 375 10 10 10 231 54 132 295 404 10 10 215 10 10 10
10 618 352 156 14 176 10 173 208 202 75 101 166 78 390 83 37 74 107 10 350 102 389 351 96 14 116 10 393 10 10 10 10 354
199 10 162 74 96 19 73 246 331 308 115 518 10 10 513 305 50 10 10 26 51 30 504 130 91 146 221 153 32 206 384 60 17 102
10 228 16 128 43 10 52 197 154 10 813 68 116 168 278 27 10 76 10 91 25 218 10 71 62 21 31 14 84 17 159 115 76 10
69 10 201 59 184 2258 32 28 131 69 83 129 123 26 200 19 106 144 210 141 435 10 155 10 200 99 171 104 99 41 211 180 86 10
78 10 10 10 10 203 10 10 122 10 75 10 48 10 10 101 10 172 10 10 10 2840 2973 315 10 115 10 10 1185 10 251 165 10 773
91 506 100 230 35 77 79 69 10 144 131 48 32 10 297 141 304 46 109 41 10 10 394 10 10 10 98 106 10 150 10 498 134 257
168 10 10 290 504 602 239 10 10 697 1019 92 10 10 10 101 10 587 10 166 10 10 10 10 10 35 2620 10 10 2502 10 1124 2242 208
10 298 304 400 542 49 239 170 10 10 16 10 10 237 10 62 10 205 319 320 431 10 10 126 10 152 331 92 10 10 10 318 10 10
10 1241 10 10 10 10 10 10 10 10 10 10 10 10 363 10 10 10 10 10 10 10 607 306 10 96 10 21 372 10 10 36 10 33
22 250 289 1017 112 10 67 126 642 133 99 10 10 540 189 151 427 10 129 10 578 146 344 309 127 182 253 13 10 276 10 411 573 10
29 1463 82 368 45 10 53 212 10 10 13 10 10 10 10 42 10 10 10 10 219 384 502 299 84 30 10 27 91 10 34 81 304 139
10 541 180 254 161 261 16 117 283 97 92 10 10 10 10 10 93 137 28 187 341 74 464 16 72 24 150 10 35 63 10 315 111 10
68 166 19 34 179 595 88 374 830 266 119 105 61 158 10 10 26 568 270 96 162 27 72 10 427 114 226 96 10 97 292 308 219 10
153 427 288 10 10 10 351 30 10 197 288 10 471 10 10 47 251 188 10 493 10 342 10 10 317 10 366 133 310 134 563 414 318 223
171 1713 286 217 10 222 111 275 10 204 10 10 10 10 652 10 10 361 133 94 266 1192 888 745 264 131 61 10 432 10 365 213 10 705
10 625 10 58 117 10 42 85 10 10 54 53 10 46 65 10 10 10 10 10 10 365 479 65 10 48 11 25 10 10 10 11 63 22
10 84 48 99 15 53 94 10 32 10 409 13 46 10 108 10 15 48 13 106 10 271 75 42 10 48 870 67 236 230 49 257 54 142
142 10 358 523 793 14 469 228 187 70 105 213 79 351 10 148 96 281 185 172 427 1009 32 10 197 181 246 47 140 10 10 129 569 134
41 166 123 381 28 88 10 248 157 10 558 10 142 16 10 81 496 10 10 28 10 370 67 100 41 97 148 104 68 215 117 161 57 10
13 735 333 171 342 10 261 94 202 20 142 10 150 40 200 128 10 10 149 10 61 522 336 325 69 73 335 35 10 54 10 26 50 287
176 278 246 16 519 17 367 10 406 86 10 10 216 188 158 10 825 16 34 408 10 94 346 410 110 48 17 10 83 78 40 53 103 126
27 158 42 354 159 10 106 50 10 10 88 10 41 174 169 18 56 153 10 95 151 1440 218 192 10 103 63 23 102 130 10 208 157 117
1922 417 678 10 934 10 670 10 10 1832 10 1531 3012 10 10 3100 2756 10 18 502 10 16 318 237 1220 2136 677 843 921 1397 10 296 412 420
10 44 748 219 211 42 122 384 158 45 10 31 10 333 142 61 185 582 10 44 599 550 123 104 48 65 10 10 10 10 10 26 145 20
39 10 10 59 10 10 171 10 71 10 283 163 339 10 10 111 402 10 10 21 303 10 32 10 139 192 406 145 209 424 10 245 10 53
10 10 10 10 10 196 148 10 269 10 139 110 36 10 10 106 10 74 40 10 10 10 10 10 70 10 69 13 146 295 21 325 1026 10
80 620 217 146 628 10 217 321 452 210 145 10 114 58 494 322 198 258 264 108 155 229 419 32 20 77 523 105 343 10 10 473 344 10
1406 10 135 10 10 14 10 10 206 10 10 48 10 510 10 10 10 10 1119 10 10 13 10 32 323 10 10 10 10 10 10 10 20 10
61 91 78 275 10 10 165 328 10 10 864 10 10 10 10 10 10 279 28 10 89 105 10 159 10 69 140 10 10 126 10 61 152 10
173 10 312 454 381 10 229 436 505 277 137 145 196 400 270 180 203 349 157 253 211 60 10 309 287 165 11 77 10 10 10 115 680 10
228 524 336 247 225 10 391 499 10 239 10 10 94 10 61 10 184 610 41 64 427 58 45 309 231 256 251 107 124 82 10 107 338 10
10 578 67 244 17 280 10 10 434 42 75 106 270 10 96 160 1453 10 10 1195 10 392 396 237 87 147 795 10 218 191 530 1107 1528 341
168 660 147 371 11 56 10 10 61 72 10 429 213 100 131 10 63 179 10 491 10 295 92 61 10 31 194 36 118 10 263 102 10 88
74 116 100 605 31 70 57 10 130 912 1099 42 233 186 10 62 660 10 10 441 10 118 256 10 10 10 34 40 64 147 10 169 216 10
128 971 622 10 78 70 10 10 26 122 95 25 49 32 10 214 10 135 227 399 10 10 10 159 135 10 45 60 35 10 405 10 110 123
412 10 108 10 428 185 78 378 61 326 365 10 210 44 10 10 268 267 274 10 140 10 10 10 205 10 10 10 10 110 10 10 10 10
60 648 10 10 10 10 145 10 265 76 118 10 10 10 10 186 129 10 10 10 10 226 10 45 252 154 130 112 310 10 10 244 302 36
10 44 175 152 11 22 54 73 115 22 218 10 89 124 84 10 944 10 22 177 10 246 87 10 67 33 10 12 10 26 80 82 19 10
203 10 10 10 329 10 271 10 220 456 643 113 905 10 10 940 1617 10 10 10 10 60 361 159 154 229 49 217 83 80 10 10 256 10
32 10 199 838 329 10 10 10 10 10 10 10 10 599 10 10 55 368 10 10 55 10 10 22 95 276 303 136 10 10 10 204 115 10
84 10 280 251 160 224 80 438 175 116 319 10 716 190 10 145 401 151 10 214 348 190 27 10 68 846 759 146 10 208 246 186 373 115
68 111 111 146 73 263 57 81 365 164 200 10 28 10 10 254 37 163 10 10 19 403 228 74 68 62 10 34 54 369 249 355 609 188
115 10 448 1131 192 37 87 115 1080 10 145 53 271 1031 10 222 233 139 52 292 10 1399 10 10 243 133 133 49 57 10 84 116 228 10
475 909 1321 3747 712 125 655 1867 1395 1041 2942 1403 257 273 10 1310 1930 1416 10 302 2549 727 409 61 479 3230 571 10 482 594 10 1520 4188 41
10 10 57 29 848 35 266 10 924 1925 1430 2329 10 36 10 534 29 32 675 226 10 10 303 6879 14128 32 10 10 10 10 10 10 14502 10
201 380 423 299 10 10 101 33 440 81 1292 386 213 10 10 375 979 10 256 331 390 257 185 10 299 429 162 125 149 169 373 671 1087 75
86 742 10 213 114 176 10 279 224 10 102 10 10 56 42 10 208 121 16 42 204 212 30 10 129 10 116 10 10 10 146 10 88 10
12 10 127 262 139 173 49 84 10 46 49 159 174 10 50 100 134 165 10 152 153 4143 135 55 10 45 528 55 287 293 188 297 122 129
10 568 12 229 10 67 10 202 10 10 439 88 19 90 366 10 68 58 10 98 136 276 40 10 83 53 232 42 153 67 10 10 84 10
10 10 10 10 35 128 26 44 110 10 1518 61 10 217 34 10 36 72 10 10 10 88 17 10 10 38 15 10 105 10 10 14 27 134
38 10 96 10 10 84 13 59 10 25 132 121 1105 112 111 25 1902 23 66 1439 57 35 45 94 148 127 1386 12 697 121 149 631 112 352
10 3924 108 10 158 10 10 10 37 10 433 10 10 10 10 10 10 10 10 10 10 688 153 10 10 10 235 10 99 10 296 107 10 10
168 10 184 304 266 10 519 246 58 124 741 10 10 10 10 311 408 83 204 186 491 10 10 10 52 265 437 183 10 289 10 335 318 10
28 211 144 17 21 12 107 780 115 10 26 52 10 410 10 31 47 559 26 33 125 44 90 55 138 10 31 12 129 10 32 33 69 10
57 81 15 244 10 10 10 10 260 10 10 10 87 10 23 10 10 10 13 127 10 1133 10 364 176 26 10 10 60 10 10 10 10 10
471 365 1746 804 805 265 874 1669 322 233 10 330 108 1033 753 64 368 2199 10 10 2863 82 497 1559 755 443 654 24 10 211 10 10 1446 10
10 10 33 108 77 10 40 33 95 117 77 10 57 3612 196 15 248 51 10 163 29 10 75 325 177 66 64 10 10 76 13 51 204 10
50 938 516 10 278 10 189 119 10 298 111 71 51 10 10 466 10 10 260 124 10 431 118 237 542 47 70 10 90 100 10 89 10 284
10 206 250 10 107 445 36 95 203 10 10 10 10 321 10 67 25 198 139 13 93 10 710 159 103 10 71 10 10 80 340 164 10 10
10 10 10 10 10 10 10 10 10 40 10 14 10 10 278 629 10 10 10 10 10 10 431 687 504 10 10 10 10 10 10 10 10 10
30 375 10 815 164 10 143 18 10 126 194 10 46 221 10 55 103 156 10 10 12 49 20 10 60 185 142 84 20 10 10 10 199 83
10 10 10 223 70 10 140 76 115 10 539 105 79 20 10 30 200 10 24 93 10 1009 30 123 10 38 34 10 54 32 10 17 116 66
10 52 111 1144 66 58 24 194 53 10 30 50 10 12 10 10 829 10 40 10 1099 290 27 10 33 93 27 22 51 39 10 52 65 10
10 10 309 32 10 47 181 1250 10 36 10 10 10 40 10 10 63 424 72 10 401 11 10 10 29 15 10 15 10 10 194 97 76 10
32 39 10 187 20 19 65 34 40 88 1593 10 34 122 10 85 246 90 10 71 10 237 10 10 10 173 340 24 10 150 19 178 147 52
168 976 586 335 751 227 667 1019 671 316 135 263 87 534 1065 41 200 717 171 150 328 10 10 10 174 149 663 39 10 91 615 661 143 10
365 218 282 32 831 10 404 187 68 177 1039 773 343 86 10 10 768 10 370 453 155 27 143 42 482 35 39 12 302 10 124 452 580 10
10 471 373 816 186 213 28 10 53 38 212 10 28 96 10 10 352 172 10 65 29 810 10 10 114 112 242 10 23 10 10 126 169 10
60 10 280 1610 450 330 76 10 224 335 287 237 379 66 10 266 436 10 359 452 213 10 10 10 153 360 1060 145 10 184 10 501 1298 10
10 10 12 10 109 10 10 38 10 109 10 10 10 10 10 10 10 10 10 10 10 2516 10 10 10 10 198 18 10 10 10 21 10 1433
10 10 10 10 10 10 10 10 10 669 10 3161 10 10 10 3873 10 10 10 10 10 10 10 10 496 10 10 10 10 50 10 10 35 10
77 10 408 71 23 51 40 10 61 246 466 10 316 219 10 175 455 41 10 10 83 10 10 10 143 251 12 104 10 10 10 10 188 10
308 10 16 10 136 137 197 10 10 562 10 10 10 10 509 10 56 10 10 10 10 44 10 179 10 272 347 317 309 152 10 217 379 458
354 10 10 10 185 10 76 10 10 284 1191 141 1334 10 10 160 1959 10 10 306 10 138 10 10 1376 354 10 352 10 10 10 10 262 10
10 1313 10 10 10 10 10 10 10 10 10 10 10 10 463 10 10 10 10 10 74 1664 1772 136 10 10 10 10 761 10 10 10 10 1339
59 551 10 10 30 26 25 10 23 95 35 10 13 38 131 21 10 25 10 10 578 229 90 169 105 28 10 10 131 115 80 10 10 172
10 268 10 10 118 10 160 16 146 112 10 10 10 10 10 44 72 174 10 10 10 141 10 179 10 10 353 10 64 265 10 491 830 68
10 842 10 1508 127 383 23 10 10 200 361 146 233 343 115 10 233 10 10 394 10 224 168 488 147 355 272 126 177 250 296 10 10 23
72 10 139 10 270 113 336 505 203 468 455 212 135 82 193 479 180 118 123 10 49 10 10 10 206 400 426 270 49 180 10 197 102 226
53 10 289 62 265 307 141 534 445 218 30 614 10 757 10 435 145 598 188 118 395 10 10 341 199 86 295 138 10 34 10 333 263 10
59 1078 121 154 92 38 10 10 52 55 54 217 47 114 154 206 10 74 10 32 330 298 564 237 86 168 10 10 170 71 376 10 20 374
154 10 298 329 10 10 266 255 226 10 207 10 262 10 10 10 360 10 10 10 204 1053 562 185 272 130 455 200 10 32 459 364 212 102
82 10 547 278 263 212 198 191 419 80 68 429 16 90 10 214 81 58 260 262 10 177 10 10 112 82 73 98 10 10 182 240 68 10
75 566 114 154 133 10 170 59 10 10 103 10 81 10 131 23 38 121 48 217 316 395 660 179 10 80 90 43 138 161 163 10 173 354
10 129 63 90 57 10 26 10 40 181 1252 10 60 14 54 10 104 10 10 55 202 146 10 10 14 34 74 33 62 10 10 44 10 30
10 10 381 317 350 500 297 233 526 218 157 179 262 178 69 169 251 563 103 75 337 10 10 10 185 146 312 236 10 300 263 412 69 10
10 10 109 10 10 38 10 71 26 10 1157 10 50 363 10 10 84 10 10 10 10 472 165 10 10 10 10 10 10 10 10 10 128 10
10 1117 10 10 56 10 10 10 10 10 10 10 57 10 235 10 10 10 10 10 10 221 236 110 10 10 10 26 62 10 10 10 10 207
172 1214 10 81 68 10 90 158 365 298 105 10 10 132 359 51 10 251 121 36 10 406 625 387 10 10 10 36 380 17 10 221 10 476
125 1778 2386 10 10 10 10 932 10 205 10 111 10 174 7109 10 10 727 10 60 2927 10 105 328 67 158 58 10 266 95 24 134 76 10
88 10 54 529 10 10 460 361 92 10 185 21 10 122 104 139 206 10 10 10 196 58 60 10 242 10 51 10 10 10 10 65 725 10
10 645 10 80 107 307 10 100 10 10 115 579 181 679 822 30 184 144 48 300 140 483 246 491 10 10 10 12 667 15 173 10 243 594
45 10 252 743 254 113 345 224 104 80 136 84 181 190 92 10 131 559 77 192 375 10 135 10 125 144 288 10 10 34 10 41 266 10
204 52 30 32 860 75 854 62 244 179 10 144 10 84 2174 21 89 95 183 58 10 116 268 446 10 768 42 279 467 21 74 359 512 1121
10 1207 67 10 10 10 10 10 10 27 10 10 78 10 494 10 10 10 10 80 10 373 278 68 10 10 67 10 395 10 42 51 10 272
126 10 577 242 791 19 331 142 403 139 330 10 10 10 177 100 106 223 468 302 104 10 10 247 76 174 340 75 10 10 126 338 63 10
204 447 301 265 429 10 81 252 64 10 28 10 62 10 332 18 116 300 50 10 128 10 472 162 10 79 128 42 86 60 10 65 166 39
39 683 121 220 187 10 184 205 10 63 144 10 22 225 10 10 10 240 93 156 388 215 306 10 10 56 89 837 198 10 399 26 10 476
10 99 100 187 81 183 54 14 61 68 190 10 10 335 19 73 269 128 256 87 153 10 723 10 111 341 585 284 343 63 263 778 358 162
10 10 153 1034 10 10 49 152 79 33 10 10 28 30 10 39 828 10 10 107 424 210 37 10 35 95 44 11 10 100 10 26 10 14
306 10 226 414 136 56 216 10 179 10 33 417 170 62 10 135 177 10 421 10 72 80 10 58 230 574 588 277 191 10 10 237 390 566
51 22 28 549 10 42 10 10 47 10 96 84 125 227 223 10 363 10 10 151 192 199 47 71 120 113 601 285 51 26 53 367 16 137
33 49 13 499 90 667 195 10 10 143 234 10 57 10 208 144 92 102 89 97 74 154 77 117 10 105 2216 183 1244 443 824 437 63 571
10 1058 10 10 10 10 10 10 10 10 10 10 19 10 30 65 44 10 10 10 10 517 477 84 10 10 10 10 164 180 10 11 10 159
142 10 15 192 10 339 10 270 205 183 150 415 70 10 579 627 10 72 367 245 10 326 168 192 197 176 120 59 354 263 171 10 150 425
14 10 10 77 25 10 10 115 19 10 173 10 1553 70 27 31 289 10 76 213 19 10 10 10 35 66 102 111 10 10 10 51 64 10
10 255 10 366 159 153 107 216 190 74 10 160 125 235 447 144 144 27 10 10 266 1006 333 48 44 174 180 165 352 165 182 81 10 767
321 501 205 10 205 10 177 1028 10 10 94 10 10 168 718 15 59 379 10 10 625 10 10 10 765 14 53 10 10 10 10 10 10 10
174 377 195 65 230 157 564 333 47 314 832 10 145 10 10 129 395 552 10 10 288 88 163 123 242 277 389 238 72 104 10 10 360 120
21 10 10 10 10 15 10 10 58 10 15 10 26 1803 10 54 10 10 10 10 10 10 10 10 91 10 10 10 10 10 10 10 120 10
225 404 120 10 250 381 117 72 10 16 67 148 10 259 10 10 244 340 88 318 655 10 10 39 10 248 212 41 10 143 582 10 224 10
10 531 10 1351 10 10 230 70 10 10 57 10 10 10 10 10 10 104 76 10 10 177 208 10 10 143 10 25 10 65 90 10 463 10
158 270 10 117 10 10 159 10 10 614 43 10 420 10 641 10 909 10 73 552 10 10 125 266 264 10 564 10 140 10 10 301 134 447
10 534 10 10 10 10 10 10 53 10 10 10 10 10 285 10 10 221 10 10 10 298 627 104 10 10 10 10 131 10 10 135 10 10
294 10 126 53 182 72 84 15 175 402 473 142 297 10 10 341 276 10 133 249 164 44 95 270 15 194 362 419 10 191 153 401 190 10
56 10 51 10 28 60 59 99 290 10 88 47 21 10 10 1059 70 83 38 10 49 102 351 45 122 22 94 47 16 313 667 377 831 99
54 10 10 19 40 88 65 10 62 55 10 36 11 36 169 161 108 81 25 14 100 306 10 52 32 205 490 41 672 65 824 76 59 234
47 10 42 156 204 295 102 10 10 204 10 10 274 10 115 10 103 10 10 103 10 82 10 45 52 47 814 165 206 278 448 88 34 93
149 491 10 10 10 10 116 33 38 96 196 10 10 10 57 10 66 34 50 43 29 412 600 237 194 112 141 100 113 10 10 26 58 170
35 280 10 68 10 26 10 10 10 18 635 10 57 22 69 10 1785 27 10 452 10 517 10 71 10 19 10 10 10 50 10 55 97 155
348 10 319 38 244 346 595 10 10 340 245 10 71 10 227 301 163 10 211 433 230 10 256 78 121 591 736 391 336 167 10 10 10 382
57 10 342 107 115 24 268 19 74 117 135 74 32 215 10 64 41 174 266 214 196 1308 464 442 238 10 10 10 72 100 21 179 163 1216
10 524 249 13 73 10 449 199 10 173 10 26 10 257 162 10 137 487 10 10 271 10 738 563 48 10 10 10 10 10 10 10 119 58
10 10 10 10 26 240 160 10 320 10 73 452 27 365 177 252 95 10 147 10 324 82 911 227 10 10 293 106 1633 402 82 323 299 20
24 64 10 19 23 30 10 27 10 3208 10 41 10 10 10 46 88 10 10 10 14 10 2551 10 221 39 10 10 10 10 10 10 48 10
104 909 100 29 251 10 12 232 10 102 20 192 185 10 617 47 11 10 10 74 303 602 773 397 25 96 10 10 348 250 351 10 74 158
10 782 10 10 71 245 169 356 337 10 115 415 231 241 10 120 238 615 222 469 535 10 10 10 10 26 18 61 10 10 232 22 324 300
10 566 81 102 266 10 129 10 14 10 10 10 10 307 335 10 10 10 65 98 279 749 45 231 41 171 342 107 147 132 15 108 41 197
97 1698 157 271 464 10 352 355 131 102 179 10 49 265 10 102 31 214 315 24 185 779 828 117 10 174 373 41 173 95 161 406 10 482
87 1048 42 10 57 10 80 298 77 207 18 53 109 92 154 13 10 132 36 10 113 417 288 182 10 68 25 10 325 182 10 104 110 117
10 10 75 779 10 26 57 99 74 10 41 112 50 120 88 10 66 10 12 126 64 10 10 10 10 84 10 10 10 10 10 68 261 10
66 59 156 1892 49 58 73 10 38 85 70 125 40 24 10 44 494 10 10 106 290 1518 42 10 82 510 73 54 243 10 46 66 273 186
10 64 13 10 33 19 10 10 10 12 54 41 10 10 10 14 42 10 10 10 10 2339 118 10 10 87 10 13 83 30 10 10 10 98
47 1651 190 251 82 56 122 38 118 115 79 10 127 10 10 16 259 219 351 147 108 2447 10 10 224 55 10 35 10 76 11 68 131 10
10 86 63 90 10 10 191 75 10 89 307 10 373 10 10 597 191 10 194 46 10 304 10 110 232 164 135 229 39 10 10 10 10 207
36 144 150 131 37 75 39 10 137 140 114 10 149 36 10 519 178 158 220 134 10 1106 10 97 266 10 75 46 68 10 28 105 73 10
10 161 226 712 72 17 106 10 28 11 1253 10 10 96 96 10 40 305 10 82 10 10 10 10 35 107 10 10 10 10 10 10 494 10
10 1075 217 144 122 10 89 10 10 10 146 284 10 10 505 12 66 160 107 10 17 436 785 32 10 87 123 28 377 32 10 135 38 204
10 973 10 433 91 162 31 10 119 385 74 10 741 198 220 79 1521 20 10 574 44 127 251 361 173 160 284 161 222 71 196 218 13 211
162 89 225 353 252 10 424 10 10 10 433 10 344 10 173 61 326 254 699 203 132 221 42 13 212 174 220 58 10 10 109 148 252 18
58 10 276 125 443 243 373 265 565 168 173 159 389 10 10 620 254 254 295 10 10 1225 10 550 324 195 43 132 10 10 10 450 263 303
301 243 10 26 32 567 1553 10 815 628 74 47 163 1475 189 75 1180 498 248 10 111 10 143 214 1764 10 10 20 211 163 92 148 17 72
130 10 622 415 176 10 153 632 10 22 10 10 23 570 146 91 14 461 76 10 1112 10 10 10 152 10 13 10 10 36 10 10 425 10
19 10 10 150 52 75 179 97 70 18 646 10 12 48 10 62 214 48 25 35 10 185 115 42 10 81 54 19 30 87 36 80 815 15
10 454 99 119 103 77 126 253 10 150 149 10 12 333 459 31 10 10 161 10 162 470 208 485 10 179 10 110 499 154 10 111 117 166
10 1112 10 10 48 38 10 11 14 72 10 10 10 122 285 10 10 10 21 10 10 771 728 227 10 10 10 10 228 78 48 13 13 50
300 96 10 10 10 10 10 10 10 222 188 10 10 10 100 235 10 10 1470 10 10 10 10 84 866 10 10 10 10 10 10 10 74 896
186 432 75 514 10 54 246 52 256 321 665 335 560 381 142 265 267 139 10 260 10 10 150 32 228 299 10 116 10 147 10 10 310 63
1036 3027 5618 90 2143 164 2465 4188 917 2047 13 874 1431 428 1270 486 1355 3124 211 2220 2391 10 349 800 1777 31 236 63 10 10 10 234 680 10
10 397 19 113 23 220 10 11 10 415 543 824 167 14 343 527 155 421 468 258 21 141 193 58 723 28 331 635 132 10 107 10 119 82
468 591 598 17 588 65 166 481 280 134 17 10 15 432 92 206 66 302 294 235 209 138 203 963 287 195 11 112 25 10 99 133 10 52
468 10 10 368 454 10 10 10 2909 10 311 1377 10 408 10 4191 10 48 5359 10 10 10 1147 2171 5629 136 10 10 10 10 10 10 278 10
72 144 10 971 162 144 543 10 10 11 264 10 40 10 69 16 430 48 10 172 371 207 10 10 41 154 253 80 164 10 10 47 271 66
69 1050 190 10 10 10 224 144 10 180 201 10 140 408 359 10 10 284 212 360 341 923 10 1094 33 68 10 12 426 10 36 10 10 283
24 10 21 108 81 95 95 25 10 10 147 50 10 182 127 10 10 10 10 56 10 10 10 55 10 268 324 96 988 41 40 145 168 482
39 10 99 131 10 10 79 10 70 10 981 99 143 10 10 168 333 10 105 333 10 271 10 22 10 130 175 104 79 30 86 136 159 10
10 1169 10 149 10 72 10 243 10 10 19 10 10 434 15 10 10 386 155 10 179 1139 10 273 200 10 120 10 10 252 10 10 10 10
64 89 10 475 10 10 172 25 10 10 716 10 131 438 10 10 375 102 10 10 10 10 173 22 10 90 68 64 98 32 10 81 199 251
134 235 151 113 942 10 1060 616 284 391 15 10 10 273 216 10 223 510 10 33 486 10 183 74 90 63 29 199 10 10 10 10 300 281
10 42 33 38 10 10 10 10 52 35 10 10 20 30 235 16 73 10 10 10 10 1042 10 10 10 149 317 78 57 87 107 208 10 10
598 10 961 1007 1096 1037 474 239 223 403 116 10 375 554 4692 462 63 836 10 356 1364 10 3603 10 50 1387 1424 832 3728 924 1532 637 129 72
31 524 10 10 10 10 126 10 653 10 10 10 10 10 359 10 234 330 13 310 491 779 836 276 184 28 128 68 222 161 284 34 96 196
26 141 33 38 10 10 13 100 155 46 52 198 55 102 10 13 136 10 10 131 10 813 150 960 80 19 26 38 132 19 38 10 31 23
10 74 10 138 41 38 56 10 20 10 13 10 10 24 1432 10 65 10 26 152 10 10 10 10 63 509 73 123 88 32 123 42 133 121
200 3554 18 10 10 104 172 408 335 64 141 246 225 269 420 127 10 277 125 10 213 1161 753 420 160 380 10 10 568 337 36 159 133 438
456 1646 507 52 520 261 974 512 23 124 294 363 10 10 339 10 135 181 177 10 286 483 695 208 26 473 832 291 392 10 10 438 10 17
10 10 10 381 10 10 77 105 10 91 823 10 10 1179 27 94 10 10 195 10 10 10 10 10 462 10 10 10 10 41 10 10 152 10
172 308 136 3375 171 79 169 37 25 76 196 75 109 357 281 10 107 417 10 61 249 185 10 48 131 506 448 171 294 10 96 63 285 289
260 315 166 76 10 650 256 23 161 47 10 218 123 192 108 269 178 214 10 10 96 10 10 140 14 10 114 244 10 10 10 11 185 10
20 10 189 327 188 10 10 10 10 16 24 10 10 10 10 41 10 116 231 212 10 954 10 10 62 10 118 40 10 154 155 138 10 189
112 10 240 380 202 120 411 208 254 77 611 10 165 249 38 222 304 65 116 10 177 10 10 117 129 353 184 183 13 104 19 105 253 10
62 340 10 320 68 77 358 61 26 65 2113 75 27 20 10 21 412 51 77 141 926 506 130 48 10 152 68 26 21 193 10 323 1699 10
10 10 100 3233 172 10 45 10 10 10 10 10 10 10 131 10 10 10 85 10 10 10 12 58 10 10 10 66 10 10 10 10 10 10
55 496 339 99 394 10 555 119 206 121 108 10 10 337 10 18 135 86 149 76 209 30 130 208 81 54 10 143 79 17 10 243 229 10
10 760 10 10 10 10 10 10 10 10 10 78 10 10 10 10 10 10 10 10 10 257 760 13 10 10 10 10 279 10 10 10 10 107
10 64 10 275 10 84 120 127 218 150 10 31 524 319 10 24 1525 76 10 402 10 276 130 110 193 106 538 10 110 169 10 70 365 181
735 10 10 195 402 10 10 10 10 10 450 10 10 798 297 374 80 37 10 10 10 276 190 107 10 1147 880 594 802 54 10 241 1116 621
179 10 10 277 10 10 60 87 428 10 324 10 99 249 10 48 835 10 10 489 106 1487 10 162 10 293 917 10 370 102 10 145 439 10
181 99 1027 6018 283 468 102 712 304 133 197 608 68 894 10 50 842 205 90 235 557 1205 10 260 196 1302 401 138 76 10 234 205 574 85
42 10 141 105 272 151 62 10 10 10 10 643 130 10 77 16 193 72 10 204 10 138 10 478 384 10 275 59 10 143 184 10 10 10
10 10 225 59 205 10 10 192 10 10 10 10 10 870 247 10 10 10 10 10 10 10 10 10 10 182 10 10 508 10 136 10 148 1042
84 1140 184 131 185 38 64 165 134 10 10 10 34 110 108 89 127 100 18 117 89 10 70 10 10 32 10 25 242 32 207 95 59 15
236 1286 303 10 10 10 34 10 10 10 45 10 17 10 737 10 10 10 251 262 815 683 961 696 27 325 95 10 738 10 859 10 10 578
83 10 172 900 144 118 72 173 85 11 133 90 10 251 30 158 102 16 49 434 217 30 148 19 158 171 116 58 10 78 294 26 144 10
10 10 10 141 10 10 10 10 10 10 351 10 10 10 100 10 46 62 10 10 106 10 55 10 10 10 196 77 10 10 10 647 452 37
939 399 303 926 34 104 10 1003 1064 581 24 710 119 1232 401 488 10 559 804 10 749 10 562 413 797 143 14 23 67 10 274 10 524 256
10 273 10 43 36 10 75 120 49 28 71 10 10 48 127 139 749 58 10 30 177 210 231 91 22 10 91 10 124 95 10 115 579 10
10 10 10 10 10 10 10 10 10 10 10 10 10 10 2332 10 10 10 10 10 10 879 10 888 10 10 10 10 10 10 10 10 10 591
38 10 57 536 26 14 11 33 10 50 1815 15 31 10 15 10 233 10 18 121 14 118 233 16 23 115 10 35 23 21 10 26 333 31
192 10 10 86 311 10 73 105 196 227 10 10 10 263 297 10 10 212 30 171 456 10 10 755 10 180 225 10 10 119 305 31 10 1306
10 10 75 855 118 12 61 10 52 23 17 10 55 102 10 10 77 10 10 35 10 47 87 107 27 14 220 10 10 10 10 75 162 10
10 10 67 16 10 1251 10 10 10 10 60 10 10 10 10 10 66 10 10 10 10 10 10 10 10 10 5296 10 106 10 1682 949 10 10
10 2563 10 10 10 10 10 10 10 10 10 10 10 10 679 10 10 10 10 10 10 10 1584 153 10 10 137 10 765 10 10 10 10 211
43 10 150 192 55 58 70 250 212 157 36 164 151 377 1521 62 71 263 77 10 183 1526 2051 10 160 22 48 32 1326 47 23 97 149 357
10 10 10 25 10 10 10 10 10 10 2583 10 10 10 10 10 10 10 10 10 10 2168 10 10 10 10 482 10 10 10 10 10 35 10
77 10 295 187 76 275 197 162 329 111 461 37 118 355 123 10 258 398 10 50 546 10 10 299 112 85 274 60 10 208 10 10 602 10
140 10 183 159 420 10 167 633 95 138 90 10 256 10 10 441 372 10 248 123 10 10 155 19 286 228 135 99 64 1377 10 97 259 243
373 168 403 484 357 54 290 450 61 321 92 72 21 500 251 61 139 1006 17 10 1588 74 133 10 202 231 467 29 10 76 63 45 697 10
130 10 231 2165 56 28 10 172 71 28 42 74 82 10 490 42 10 27 10 87 337 445 10 172 77 235 10 33 192 119 967 10 40 487
126 10 604 23 405 49 79 295 92 30 10 198 92 351 38 10 10 498 132 335 467 121 266 423 10 78 24 39 65 23 382 179 122 219
10 10 108 10 156 10 10 10 74 10 10 10 10 10 173 174 176 121 10 125 602 22 793 42 79 10 10 10 399 76 319 374 10 31
10 10 91 767 10 10 240 398 10 61 1055 10 341 10 61 10 690 298 10 132 732 243 10 175 10 63 136 10 99 326 10 48 387 33
10 203 10 10 10 10 10 10 10 25 10 10 10 10 1216 10 10 10 10 10 10 10 286 673 10 115 10 10 10 69 10 10 10 10
169 81 762 910 378 10 737 617 65 308 388 10 157 474 10 19 320 377 68 425 602 287 10 218 10 216 335 85 10 26 10 84 296 10
22 457 742 2432 327 10 3224 174 146 10 18 10 42 1388 19 133 172 3008 136 65 168 41 102 501 911 174 230 112 10 10 149 38 73 94
41 10 10 29 10 10 51 250 73 149 27 91 2831 158 10 23 6254 93 10 3566 10 320 10 42 139 111 117 10 57 10 10 10 54 175
115 10 229 466 10 10 99 460 10 244 3148 10 54 10 10 18 418 27 10 537 10 10 10 10 178 208 381 76 10 10 32 279 948 10
33 10 10 217 10 166 10 10 10 83 158 10 142 10 10 10 219 10 10 481 10 165 10 10 52 24 360 78 10 10 311 522 377 10
15 1001 690 214 644 10 365 575 412 49 41 10 10 198 289 49 105 403 347 434 10 943 821 16 10 147 628 10 433 97 234 398 207 914
252 10 183 64 514 10 555 227 38 10 10 10 10 72 289 51 35 67 10 10 243 13 110 126 10 284 10 110 34 10 10 10 10 18
16 1169 102 10 10 109 152 10 38 10 10 219 47 10 629 85 58 139 457 76 49 586 798 638 63 10 135 10 504 158 51 47 10 289
299 10 223 141 207 162 302 358 287 324 342 43 379 142 10 452 348 577 149 243 10 38 10 52 349 186 100 139 86 10 10 178 348 10
70 64 109 672 379 10 71 357 103 374 49 10 10 661 305 10 10 109 10 10 10 10 107 10 10 158 125 119 176 10 30 197 360 416
19 10 48 80 103 10 122 910 127 96 37 10 64 98 111 66 119 193 16 10 59 10 42 71 10 23 90 41 75 10 94 174 45 11
10 10 82 35 70 1304 218 10 41 21 178 87 10 10 146 93 105 10 10 10 10 10 10 107 24 387 1125 231 1730 352 1297 695 49 1958
14 77 195 302 248 83 10 10 184 36 44 10 10 10 30 10 17 153 173 51 145 129 30 10 10 182 242 33 469 60 10 1093 49 167
583 10 577 10 27 501 300 52 301 61 427 10 431 584 10 458 408 288 430 423 1182 10 10 10 506 284 130 371 10 239 10 46 381 10
339 183 439 205 391 10 332 177 445 239 237 136 10 52 10 394 66 184 297 201 493 107 95 10 251 159 244 75 10 39 10 163 321 10
105 10 240 157 178 1185 116 173 253 192 10 313 10 198 262 70 134 83 234 137 358 10 10 107 107 109 181 66 10 10 80 189 173 10
10 10 60 390 100 79 25 13 10 10 447 10 10 166 10 40 163 810 10 12 143 141 10 42 50 93 82 18 125 19 36 39 136 10
263 10 237 80 497 178 355 62 61 147 502 10 208 588 81 285 125 144 10 141 85 124 25 65 308 81 229 136 10 10 10 11 152 10
10 293 10 10 10 10 10 10 10 10 10 10 10 10 10 10 10 10 10 10 10 1587 10 514 10 10 10 10 663 10 10 10 10 1768
373 10 10 184 44 10 380 161 10 128 360 10 141 10 571 200 33 10 132 57 10 298 273 35 282 263 369 261 596 10 10 10 329 10
10 606 192 353 118 10 209 79 424 10 27 86 107 201 459 24 257 165 77 298 70 376 414 338 48 10 205 131 246 10 115 166 10 204
10 29 10 144 10 10 10 90 10 10 37 753 318 42 65 118 10 34 54 73 10 113 12 58 239 66 10 35 10 52 13 10 10 300
187 10 555 369 365 399 494 523 418 283 952 475 847 397 10 486 371 414 20 175 439 298 10 10 489 306 346 257 10 563 26 379 527 10
21 10 43 10 10 28 163 93 10 206 221 10 271 28 768 61 158 10 10 10 303 10 10 10 62 10 10 47 10 10 10 115 10 10
62 283 115 61 14 853 14 10 71 80 10 112 95 192 115 10 38 81 33 10 72 69 125 81 53 10 16 44 28 47 10 10 17 74
10 308 112 533 66 45 26 270 119 55 176 10 12 10 10 90 471 186 30 387 23 116 82 68 26 10 10 10 10 21 13 10 55 60
10 1433 81 223 52 141 10 10 10 10 49 154 108 10 10 10 10 10 10 65 294 10 1032 10 129 10 212 59 10 78 219 10 53 10
12 10 10 141 214 194 284 281 10 171 238 85 110 128 111 93 66 13 437 179 279 10 10 169 270 261 1427 312 229 143 265 228 256 194
173 635 945 377 337 10 1035 597 735 334 54 125 10 136 10 155 207 775 345 30 969 157 288 579 889 41 27 10 114 13 194 173 1005 175
10 548 156 129 144 67 10 334 26 10 96 334 148 10 10 185 10 11 147 10 343 110 10 10 183 10 10 65 10 119 519 10 81 210
10 1035 10 10 10 10 10 10 10 10 10 10 10 10 529 32 10 10 10 10 10 622 592 260 10 10 10 10 406 10 10 10 10 251
10 191 48 983 71 10 16 10 59 10 265 10 87 303 115 10 86 27 22 83 81 229 10 22 10 123 202 125 31 52 10 134 115 126
10 10 10 10 10 70 10 10 10 18 49 10 10 10 10 31 10 10 10 140 10 160 381 10 10 10 388 10 1597 10 10 10 10 253
10 10 10 10 217 10 124 141 13 96 696 285 755 26 19 192 242 337 10 10 10 376 10 107 537 482 264 337 235 842 10 10 10 10
312 10 865 1378 246 2284 874 1541 1335 1016 8306 5352 13614 289 10 5445 4250 351 6939 6050 1891 544 10 289 12722 2694 385 562 10 1756 10 895 1632 10
104 10 94 119 518 436 209 10 10 34 284 110 93 10 243 22 37 174 191 10 10 66 715 97 92 12 431 269 12 52 286 742 978 389
65 94 3198 55 164 10 1117 1045 58 21 357 96 16 10 10 10 226 41 56 177 1234 113 25 10 17 10 52 10 94 39 38 56 67 96
210 481 247 451 217 173 395 446 599 115 219 176 10 205 10 344 471 615 314 10 664 10 10 10 135 70 274 150 10 156 10 274 205 50
334 10 408 10 1005 56 1522 145 1164 56 57 97 83 958 1575 36 678 146 104 118 151 141 858 872 203 103 129 22 91 10 10 38 414 79
10 285 10 174 28 42 1108 10 244 78 324 190 16 32 258 161 77 535 264 10 10 10 522 140 221 10 10 48 10 10 28 143 157 44
10 158 160 636 92 10 17 10 89 67 56 10 10 1045 10 10 209 37 38 122 10 10 379 10 71 19 71 35 10 10 10 10 10 10
260 10 19 642 10 989 454 354 693 491 1176 45 681 10 10 220 435 372 116 461 14 10 10 10 259 987 1885 1149 35 10 30 895 546 10
10 10 16 10 10 10 10 10 10 10 10 107 10 207 482 10 10 18 10 10 10 721 394 68 10 10 10 10 363 78 267 10 201 310
67 941 79 160 97 106 120 191 127 57 176 10 10 10 92 127 83 48 10 142 10 403 273 10 24 136 118 13 166 156 69 280 264 493
221 10 10 10 10 413 228 661 635 113 10 476 289 814 571 10 384 645 452 422 499 1028 861 605 271 223 663 297 10 158 446 509 783 335
45 161 216 3664 94 56 10 352 166 36 10 10 38 38 104 67 1421 97 10 193 3110 478 10 68 38 322 10 10 71 45 10 10 10 10
10 10 10 375 37 10 10 10 10 20 76 25 533 10 10 10 1224 10 10 601 44 224 10 10 16 13 30 11 10 10 10 10 10 10
141 10 10 10 414 369 216 10 1017 45 861 148 299 96 281 160 103 300 160 272 10 401 32 94 73 10 113 10 313 602 73 159 532 310
65 183 94 777 106 10 91 86 37 10 122 10 60 38 127 10 382 132 10 190 183 564 190 10 119 81 53 132 10 56 15 64 21 10
38 548 82 1369 320 10 174 31 10 59 77 289 10 10 305 64 384 10 74 189 377 420 251 286 15 382 91 71 511 73 61 43 401 142
74 981 40 98 179 10 82 10 71 32 70 10 166 80 644 231 289 10 183 274 83 10 785 384 178 88 52 19 10 10 73 44 55 105
10 193 66 65 85 56 24 10 221 10 201 10 238 46 10 40 1771 46 36 1432 36 257 203 65 32 24 278 27 179 537 138 403 1149 425
10 10 88 309 20 10 138 10 161 138 437 10 10 10 10 10 112 137 10 10 10 121 35 10 46 10 289 57 10 95 10 424 548 136
10 437 189 263 243 10 138 373 10 61 92 10 10 10 193 159 10 13 153 113 303 163 640 322 122 79 200 83 211 10 399 223 176 131
10 74 103 10 10 17 32 10 277 1229 10 115 10 635 420 106 48 65 93 10 72 605 472 862 474 10 10 10 23 10 42 10 1208 52
98 64 225 248 53 436 211 12 58 115 437 10 113 870 795 226 222 10 104 10 19 2826 3635 755 229 10 107 106 2006 10 10 14 10 1358
15 10 10 87 59 1019 58 16 10 10 213 318 25 10 119 13 180 10 10 262 42 85 150 16 10 325 2166 85 730 496 882 1335 297 661
85 1361 229 67 127 10 69 10 10 239 10 82 10 10 19 179 10 10 171 103 185 730 10 240 67 114 30 27 10 76 138 51 10 775
186 168 448 272 82 56 644 137 217 422 57 48 700 166 10 33 680 256 120 389 10 44 10 123 297 10 44 69 10 10 10 89 74 20
52 24 274 141 41 72 62 10 131 64 10 10 164 657 293 10 414 104 34 125 10 74 333 328 71 47 17 19 41 21 10 38 129 88
2009 2029 1876 3066 4389 10 1676 1712 1193 227 10 472 42 154 5368 289 225 2281 2261 10 3992 35 180 286 1333 3466 229 1057 2961 78 690 965 1374 3258
137 327 10 228 10 10 207 10 361 10 10 19 10 38 718 41 10 10 10 135 288 561 349 10 74 250 10 33 73 106 338 10 26 159
1617 295 2262 5121 9161 10 3318 2954 2736 3522 2201 469 10 10 2846 10756 3348 10 2003 2379 4631 5794 351 761 1056 1158 3020 242 1758 7084 665 195 5258 324
10 10 10 10 10 10 437 10 437 10 963 373 10 10 10 301 51 104 10 62 10 265 62 10 10 10 569 10 10 10 26 82 856 10
86 10 168 2084 82 26 91 239 71 64 68 10 80 10 10 45 797 79 68 85 1486 63 10 10 103 159 34 53 39 117 82 143 25 36
10 10 211 332 157 68 10 227 10 607 683 342 986 176 10 10 899 165 10 499 484 10 552 10 259 385 638 88 10 10 199 10 262 10
364 10 625 615 686 10 557 426 569 376 10 354 27 673 42 10 10 475 10 10 209 10 467 10 234 304 10 40 82 10 10 10 147 85
10 10 456 3297 139 75 114 118 10 12 109 307 239 10 567 10 1830 30 10 393 1855 367 10 10 100 342 10 33 700 63 405 144 101 923
16 89 10 44 123 56 155 130 34 10 166 710 932 10 548 567 641 146 263 538 10 188 168 10 440 10 64 14 149 30 190 38 200 354
212 10 10 190 149 58 10 692 127 103 1381 239 246 34 135 120 106 452 10 250 202 10 10 10 34 32 193 58 10 10 36 35 133 10
142 213 672 187 446 134 356 35 140 192 215 90 200 10 10 65 146 405 338 331 450 10 10 10 105 266 185 140 17 82 240 217 334 10
105 412 10 95 57 455 196 620 290 139 10 449 110 498 10 107 10 568 281 179 542 472 95 19 167 10 67 10 116 65 444 112 48 98
85 10 85 938 161 10 21 258 350 16 67 71 425 281 212 10 137 10 10 131 72 143 20 97 120 10 10 10 65 10 10 53 95 56
10 1299 10 73 52 116 98 10 119 37 10 10 181 10 169 10 88 67 10 10 140 10 846 231 35 15 10 10 143 56 10 10 10 10
219 10 10 771 40 10 585 193 148 237 274 10 210 10 10 10 364 398 10 10 578 10 10 120 39 145 122 123 10 10 10 80 10 10
10 10 345 458 35 666 237 275 350 161 111 10 10 954 10 328 217 428 140 293 548 10 10 10 277 10 10 10 10 134 10 209 268 10
10 218 10 108 22 88 10 114 10 122 362 10 75 10 88 11 417 10 10 97 76 99 30 136 76 78 87 10 28 10 51 994 16 221
10 914 868 73 10 1517 10 10 10 10 978 10 10 10 10 68 1319 10 10 17 10 389 70 289 10 805 1188 14 689 348 1420 7221 728 683
355 10 384 301 644 319 605 897 85 72 166 175 270 1087 10 133 355 1449 917 765 928 10 10 10 712 329 494 135 10 485 659 690 329 10
10 10 10 1801 10 1231 101 3612 208 10 1804 10 584 10 10 20 4378 10 10 10 10 10 10 10 705 588 377 10 10 10 10 10 2782 10
157 541 262 202 350 10 79 226 10 281 37 10 137 10 494 10 55 121 18 452 66 1974 575 547 10 192 157 10 444 52 251 287 482 1410
188 109 94 13 131 148 265 10 770 98 410 62 47 36 46 709 58 60 10 293 10 348 396 283 98 73 139 118 68 1127 1034 2262 2406 1442
39 10 156 10 27 10 120 1656 10 10 10 86 20 46 115 47 33 703 22 10 456 10 27 10 86 10 10 10 58 10 10 10 54 10
10 163 271 10 10 10 182 1710 10 10 10 10 35 88 10 20 10 692 10 10 412 10 67 10 77 10 17 10 10 10 10 10 10 110
249 12 348 533 147 134 190 250 38 122 13 283 10 605 19 14 10 654 10 10 621 69 30 120 80 266 250 74 10 130 138 10 381 10
31 62 1117 23 12 75 713 2144 14 10 22 176 10 90 50 38 10 2001 10 24 1554 96 10 35 275 13 10 10 58 23 10 31 69 96
10 1020 765 256 663 109 38 10 58 227 820 486 67 442 494 10 10 10 545 460 132 10 728 537 112 27 425 90 225 441 309 246 54 378
10 10 10 10 10 10 1128 115 10 10 58 352 100 10 10 10 10 102 10 125 10 10 10 10 275 10 10 10 10 10 10 24 296 10
45 163 84 199 10 93 682 18 217 594 10 1040 10 307 10 2293 10 10 22 28 10 82 225 78 1387 84 89 91 16 36 10 38 55 112
533 1649 2014 473 324 10 2512 1513 239 10 186 268 10 46 567 10 105 4080 10 237 55 10 10 172 471 10 10 10 10 10 10 10 141 10
51 531 58 152 124 75 111 196 953 10 10 10 10 10 173 157 19 10 14 10 254 154 213 113 157 32 16 49 25 10 132 106 237 64
174 139 412 451 231 10 72 232 10 148 10 164 133 343 10 145 209 407 301 255 770 91 10 10 82 214 343 155 10 10 278 281 63 110
192 725 10 312 101 10 10 155 179 174 122 200 187 10 235 139 75 18 10 102 570 721 288 459 125 20 198 70 477 10 10 10 167 393
10 332 10 10 10 143 10 10 10 10 10 10 10 10 10 10 10 10 12 14 10 10 10 416 10 23 587 250 10 193 551 243 10 10
204 10 663 980 849 173 936 102 580 206 194 39 153 681 532 10 327 202 17 195 283 10 52 182 371 217 596 176 27 10 10 388 261 226
57 924 1588 1970 10 227 169 209 254 747 1337 214 10 10 347 616 1990 263 10 315 913 641 434 367 10 362 1489 73 759 420 861 3415 2536 613
55 10 810 219 650 38 311 177 461 87 254 237 216 550 10 436 129 281 591 469 358 10 10 19 204 64 339 117 10 36 519 177 126 28
2914 300 2676 5513 947 10 988 609 1515 697 10 377 10 2018 482 864 218 524 723 10 237 1020 554 192 1105 1560 10 72 34 10 10 10 389 131
106 10 81 195 130 10 138 46 98 54 138 1042 10 713 142 590 214 160 133 63 38 1050 10 29 917 139 126 17 10 50 271 173 200 23
35 101 82 369 150 10 21 10 13 10 47 10 10 645 61 36 13 163 29 45 10 10 10 10 10 108 50 10 455 10 296 17 160 729
98 10 390 99 10 341 636 10 2156 10 291 10 10 10 10 240 89 442 137 10 10 572 273 104 10 60 177 33 10 106 392 719 926 259
10 10 10 10 17 10 10 10 10 80 3611 10 10 10 10 10 74 128 10 10 74 10 10 10 40 10 10 10 10 10 10 10 20 10
598 392 99 633 1403 337 1188 10 74 372 10 10 1785 1248 10 10 1525 10 10 1164 10 674 10 126 19 1272 1010 421 966 147 1026 603 10 835
64 563 141 10 58 10 10 10 10 10 10 10 10 10 111 10 10 118 10 83 64 392 336 84 10 10 10 33 10 10 315 80 10 300
109 47 94 1064 10 150 367 159 10 271 1118 491 127 10 10 318 756 10 155 190 474 10 10 10 514 99 119 10 10 36 10 99 2271 10
135 534 75 70 10 35 10 10 10 10 10 10 10 10 482 10 25 10 10 23 10 254 253 283 10 215 87 29 456 10 10 10 10 189
116 203 10 260 63 15 140 10 158 115 210 44 20 80 15 72 155 10 56 40 155 210 178 136 10 38 405 64 72 428 223 716 638 262
213 10 10 10 10 300 93 10 238 78 817 52 572 10 92 230 636 10 10 334 10 1178 165 10 93 99 493 198 83 217 544 729 1970 155
1064 146 1299 1333 962 10 673 10 10 414 10 10 141 1405 42 441 170 496 833 162 286 10 665 130 1882 443 169 79 16 10 10 10 68 205
63 1227 187 68 225 10 162 68 74 15 55 101 10 10 1185 10 104 67 10 10 85 290 298 1012 10 54 79 14 265 93 173 142 10 200
10 10 10 10 10 10 10 10 10 10 1198 10 10 10 92 10 2114 10 10 10 10 10 351 10 10 10 10 10 65 10 10 7754 457 10
10 303 10 10 31 10 10 10 10 9003 60 10 10 172 88 10 10 114 10 10 10 10 1147 19 575 10 10 10 10 10 10 10 90 37
10 10 201 10 10 88 10 10 10 208 3637 10 10 10 10 10 10 10 76 107 10 10 10 10 10 10 10 10 10 117 267 10 78 10
466 10 172 93 394 75 182 338 196 208 320 10 76 10 285 295 46 291 339 314 482 423 10 361 276 300 31 164 10 350 190 141 283 10
76 10 79 885 78 303 267 10 82 116 494 130 63 10 10 296 660 200 29 145 27 165 22 10 116 50 415 10 79 763 171 435 2248 207
82 203 142 149 92 10 24 10 31 84 877 250 891 10 65 10 225 10 62 273 10 10 10 10 35 65 35 10 97 10 301 10 59 197
1182 16000 11520 420 359 10 489 7075 413 571 226 250 123 1421 16000 348 408 8897 239 382 16000 10 2239 4017 620 971 663 125 2687 32 669 1183 766 654
10 283 10 10 10 10 121 10 10 10 10 10 10 38 10 10 66 10 10 10 10 730 986 10 10 10 28 10 593 10 10 10 10 235
80 10 162 661 51 314 133 27 10 82 2204 28 165 496 10 186 305 323 10 166 196 177 10 10 205 317 227 55 10 10 69 632 381 170
103 310 10 73 10 10 148 10 10 85 20 10 28 10 27 75 220 10 10 10 10 528 153 162 187 63 10 280 300 10 10 95 73 476
10 10 21 318 10 10 172 122 166 261 344 17 37 16 235 10 620 330 10 274 254 179 349 364 105 23 252 17 181 10 10 2418 320 60
10 10 103 10 251 10 10 78 768 33 10 10 10 10 193 38 15 226 54 45 10 129 421 100 434 31 10 10 10 10 71 80 48 10
10 10 10 11 68 10 95 10 10 139 10 10 10 10 567 10 10 95 10 10 76 442 10 156 10 56 275 52 67 237 10 10 190 401
10 1222 10 10 10 10 10 51 10 28 10 10 10 10 10 10 205 10 10 10 247 10 10 10 10 162 147 387 83 73 10 199 10 12
217 504 232 10 10 148 10 338 94 152 61 348 186 771 10 10 10 10 10 55 72 10 20 10 10 100 106 138 10 150 10 155 295 213
93 680 10 10 147 10 117 24 10 126 103 10 10 30 498 123 15 193 77 46 262 149 190 276 116 11 65 69 32 248 84 108 10 186
63 459 10 71 66 10 10 10 10 38 81 10 10 144 490 10 79 10 121 189 10 835 1187 543 60 10 10 35 737 100 394 10 10 525
10 10 10 919 10 265 40 10 10 78 10 10 57 10 247 10 10 10 10 10 128 10 10 10 10 22 10 85 132 73 78 10 10 213
71 10 253 10 265 616 421 79 440 10 10 770 452 878 10 295 239 202 250 488 10 10 424 10 207 10 10 10 10 10 10 10 562 10
200 2108 130 10 258 10 302 228 113 121 145 10 10 10 556 210 38 121 140 123 625 489 404 547 10 270 199 100 826 258 384 334 105 779
10 1209 10 10 512 28 301 57 134 10 37 10 10 10 324 81 10 10 10 10 10 514 379 201 50 10 107 10 374 10 10 594 24 211
467 265 565 1229 661 10 492 499 100 36 10 591 359 721 239 430 115 538 10 366 548 10 178 227 263 381 202 178 253 10 10 114 371 80
10 79 931 876 132 10 941 863 10 50 10 10 648 10 10 10 366 2020 10 1296 753 10 10 10 10 10 216 10 91 10 10 10 237 249
10 360 228 588 10 10 290 136 10 10 10 10 113 10 10 10 10 566 10 10 10 10 10 10 10 10 26 10 10 10 10 10 10 10
174 10 10 585 10 44 204 332 17 130 113 10 142 381 10 11 14 468 10 10 337 10 10 231 67 177 192 79 10 10 21 10 10 10
28 10 10 104 155 213 98 282 10 126 148 2224 10 74 196 708 174 156 117 130 456 326 10 302 174 152 262 61 10 348 10 226 154 10
78 747 18 93 86 61 10 10 17 51 24 10 17 128 150 51 67 83 85 17 125 920 439 175 57 80 367 39 322 10 23 67 10 705
462 884 286 10 1832 40 1148 509 176 10 29 195 325 299 239 109 402 526 10 171 198 177 10 61 33 225 38 47 35 10 73 82 439 142
175 1010 192 74 51 10 92 210 85 141 133 282 159 58 285 10 18 309 10 175 373 226 479 413 98 165 10 72 10 154 51 175 10 392
10 10 288 172 69 150 113 206 10 51 10 653 31 44 38 10 256 594 521 10 239 94 90 68 355 133 29 89 56 10 1699 281 868 10
43 10 270 251 353 335 15 653 19 442 294 295 477 10 10 265 259 132 384 96 228 10 10 10 412 167 403 349 10 1049 10 494 121 10
103 10 252 509 82 10 10 10 113 125 58 10 10 373 10 10 10 212 10 10 580 10 165 10 381 11 51 12 10 89 10 10 231 44
95 10 766 751 677 21 830 443 665 30 577 10 207 870 10 265 360 1251 793 338 646 10 10 10 130 385 390 94 10 10 121 339 319 156
1686 1937 4106 1976 2335 462 1953 2304 1053 984 872 10 2173 946 10 1813 681 3898 2000 2217 2382 10 10 2796 1595 767 2823 1170 10 10 232 1697 100 10
330 16000 10 65 1938 10 404 543 10 271 10 10 233 10 6132 10 10 10 10 65 822 16000 10583 4317 314 173 397 10 5391 515 10 374 10 10004
403 1629 19 874 1151 98 591 10 506 10 315 10 10 10 10 186 96 491 567 76 1041 2021 1222 156 10 126 367 10 1114 187 738 407 452 10
10 10 486 499 306 1351 285 273 629 307 392 182 582 982 10 516 297 561 446 281 125 10 278 10 709 78 312 222 10 280 692 271 1286 10
260 447 663 752 763 441 678 364 737 181 251 10 162 713 10 531 448 563 1006 313 790 10 10 10 141 469 411 106 10 10 380 555 174 10
10 10 10 448 10 17 10 10 10 10 584 51 10 10 146 71 995 10 10 10 170 691 725 10 10 174 277 10 268 250 128 608 987 181
10 260 10 10 10 10 10 265 10 10 10 642 10 781 409 123 10 10 10 10 10 10 467 10 1059 10 430 261 10 10 63 10 10 602
37 37 118 23 426 22 10 441 152 56 159 363 10 273 111 377 171 316 199 98 10 340 140 690 10 29 196 40 138 10 205 623 185 121
10 678 165 132 211 252 71 358 335 10 28 51 23 251 231 36 241 361 10 15 198 127 346 260 175 60 26 10 157 265 10 192 92 25
70 124 57 190 185 553 10 10 274 114 884 306 181 10 10 326 172 10 10 10 10 24 10 29 57 40 133 79 38 276 159 54 484 10
22 1073 96 117 10 10 48 10 146 32 23 10 10 48 200 19 22 10 10 27 27 301 344 312 49 64 10 10 190 10 76 54 16 234
10 10 294 10 10 381 20 338 230 168 224 113 182 518 10 209 205 226 214 400 10 107 10 218 160 10 210 137 10 10 176 10 237 10
375 10 442 46 10 10 142 450 839 10 91 10 398 132 432 10 274 696 202 311 1300 44 12 26 179 56 124 35 10 10 10 58 39 164
105 1105 10 28 73 49 10 10 10 10 23 42 69 10 10 19 10 10 60 11 10 578 17 387 10 53 83 13 229 10 28 10 10 245
92 340 222 146 141 45 38 236 10 10 10 10 10 152 413 10 10 307 16 45 510 10 107 100 78 10 339 33 206 10 117 203 349 159
52 10 82 13 86 49 10 158 31 10 69 137 10 98 61 25 18 149 77 54 145 2903 148 68 10 20 25 28 84 84 74 31 10 56
45 886 10 78 10 348 10 249 10 10 10 43 10 154 517 88 61 207 10 10 217 179 359 10 10 10 14 10 10 80 10 10 10 10
52 732 10 95 20 109 15 10 10 10 10 10 10 26 150 31 44 11 10 76 196 633 326 81 10 38 30 32 154 71 92 34 79 169
10 10 10 149 10 10 10 10 43 10 1409 73 10 10 10 421 91 37 10 10 102 10 10 156 10 10 10 10 10 26 40 10 372 10
135 1766 400 311 425 500 49 147 151 25 10 248 93 144 189 189 37 542 224 247 10 1070 10 276 182 22 151 52 10 10 811 321 209 10
84 240 42 898 74 291 367 290 134 351 424 393 110 10 10 314 663 344 335 335 629 356 130 140 215 31 121 49 10 585 10 206 2591 10
165 1552 36 61 121 44 93 169 40 69 25 172 10 14 10 51 33 10 10 320 10 10 873 78 124 33 63 56 203 124 430 170 51 721
10 10 10 10 10 10 10 10 10 10 10 10 10 10 10 10 937 10 10 10 10 10 10 10 10 10 68 10 10 15 10 11060 10 10
56 10 562 105 131 413 119 71 227 108 49 74 37 498 10 82 85 337 311 145 10 10 10 42 188 135 202 10 38 10 10 238 133 10
21 10 328 350 139 337 123 19 10 179 159 322 139 221 104 430 376 20 326 332 111 94 288 104 220 157 350 88 10 10 663 446 376 117
10 1378 247 438 40 10 206 356 10 268 43 99 10 92 10 27 157 421 323 10 209 655 487 136 10 10 10 10 13 10 10 289 62 455
62 702 252 131 203 132 10 147 10 10 10 26 10 176 77 10 64 111 119 80 166 539 321 296 68 65 63 23 233 39 169 51 84 18
115 623 346 539 63 240 402 358 419 289 474 170 96 168 10 376 1388 584 78 185 362 16 10 312 25 285 536 73 10 10 161 1250 507 10
10 322 462 919 10 70 10 948 67 82 387 10 148 10 10 10 890 10 10 102 10 96 10 10 294 402 201 10 10 10 10 10 505 10
91 1445 186 157 194 429 342 441 239 11 86 59 10 150 722 217 77 10 107 10 194 2027 504 439 210 69 10 13 618 200 161 77 21 442
