214 34
10 245 10 10 306 60 10 10 10 10 10 10 10 872 505 652 10 10 49 10 36 453 487 667 10 10 10 10 10 115 10 10 10 14
10 601 10 10 73 67 10 10 10 10 10 10 10 1447 10 339 10 10 42 10 10 121 45 283 10 10 10 10 10 10 10 10 10 10
10 752 82 138 5577 265 49 17 280 480 1108 238 10 854 278 1275 95 121 44 86 93 1659 446 1370 10 60 86 49 31 110 10 58 76 12
141 1495 466 1156 7152 1533 423 102 1714 13131 3482 1613 10 4490 10 4992 482 251 386 417 576 5752 1521 11132 336 653 891 53 291 12636 267 1055 282 292
10 74 10 10 10 10 10 10 17 10 10 10 10 10 614 10 10 10 10 107 10 1584 10 895 10 10 26 10 10 363 10 10 10 79
109 1475 10 202 373 10 273 236 166 10 177 10 248 36 10 10 10 10 46 61 424 188 15 10 120 80 517 161 206 10 196 125 10 238
535 2245 114 102 10 127 12 92 199 654 3512 346 227 10 196 1276 547 10 58 413 567 4480 3512 1009 267 459 644 59 1488 609 459 585 1020 627
10 10 10 248 10 302 10 10 10 10 183 112 528 10 10 10 920 10 10 639 10 851 10 19 10 81 338 10 218 568 103 625 616 10
119 337 237 622 41 15 10 213 70 125 34 92 32 78 278 56 333 165 17 45 258 2442 544 97 76 176 10 10 30 10 136 10 215 10
235 10 484 10 153 173 568 105 782 595 354 486 467 1047 10 907 354 568 267 206 10 1872 10 10 639 659 687 224 10 502 10 807 510 10
10 37 174 1685 63 10 10 10 10 10 390 168 899 299 111 41 798 10 53 333 27 304 17 45 10 335 266 26 102 87 10 140 379 34
152 385 267 394 621 151 541 10 518 230 216 10 392 377 610 10 295 10 287 422 369 768 464 719 460 404 633 10 704 10 263 10 188 969
105 1326 361 138 234 17 10 246 10 330 64 108 313 385 791 10 10 83 128 201 418 436 615 657 235 99 10 73 389 128 449 10 10 517
102 10 64 464 56 236 10 10 20 23 1049 194 629 10 81 408 338 10 10 633 136 495 306 55 183 486 745 645 314 341 817 628 129 234
22 337 457 1977 234 28 108 271 209 10 116 10 22 271 475 10 271 97 10 10 226 472 85 338 10 216 10 218 114 10 10 209 344 155
22 10 312 2445 97 31 10 79 52 56 10 37 165 283 10 10 145 69 10 118 29 94 25 10 10 155 50 48 56 10 10 10 379 47
137 377 1588 2812 1942 68 624 879 121 151 26 10 137 4020 2151 22 690 2383 61 153 849 193 110 218 55 328 186 371 564 10 44 293 1270 672
95 3204 129 180 283 10 328 241 329 340 1015 10 230 10 366 384 448 10 159 72 10 799 10 338 289 376 54 140 791 474 65 175 10 654
144 10 237 913 174 402 56 376 242 37 287 55 1170 118 10 10 1798 540 33 700 87 273 349 286 406 452 905 1007 1031 739 332 394 425 1081
921 10 151 260 10 429 328 284 431 10 10 165 169 864 729 10 59 848 10 112 448 10 10 10 336 285 10 63 71 56 384 163 10 10
195 5191 169 99 206 10 12 10 10 158 120 239 149 62 1374 151 28 10 10 32 96 5332 4539 944 148 185 205 10 1709 269 344 10 10 3228
10 10 10 636 10 120 42 10 179 10 1306 10 345 10 10 188 464 421 10 1351 10 210 10 10 10 57 735 10 10 34 10 184 367 85
10 335 405 259 318 21 117 56 10 42 69 10 75 10 671 113 10 114 192 135 10 904 891 58 33 96 10 82 611 241 10 228 39 249
10 10 910 655 407 360 436 466 359 163 373 10 321 10 10 10 293 696 651 10 10 755 1014 10 335 187 472 127 94 132 10 784 386 37
10 1482 10 10 10 104 11 10 10 10 10 10 10 18 401 10 10 39 10 10 83 10 2262 10 10 10 10 10 830 32 10 323 84 128
86 10 10 10 10 236 209 694 10 1364 298 121 62 599 10 285 102 163 214 375 10 10 10 231 54 132 295 404 10 10 215 10 10 10
69 10 201 59 184 2258 32 28 131 69 83 129 123 26 200 19 106 144 210 141 435 10 155 10 200 99 171 104 99 41 211 180 86 10
78 10 10 10 10 203 10 10 122 10 75 10 48 10 10 101 10 172 10 10 10 2840 2973 315 10 115 10 10 1185 10 251 165 10 773
168 10 10 290 504 602 239 10 10 697 1019 92 10 10 10 101 10 587 10 166 10 10 10 10 10 35 2620 10 10 2502 10 1124 2242 208
10 1241 10 10 10 10 10 10 10 10 10 10 10 10 363 10 10 10 10 10 10 10 607 306 10 96 10 21 372 10 10 36 10 33
29 1463 82 368 45 10 53 212 10 10 13 10 10 10 10 42 10 10 10 10 219 384 502 299 84 30 10 27 91 10 34 81 304 139
171 1713 286 217 10 222 111 275 10 204 10 10 10 10 652 10 10 361 133 94 266 1192 888 745 264 131 61 10 432 10 365 213 10 705
27 158 42 354 159 10 106 50 10 10 88 10 41 174 169 18 56 153 10 95 151 1440 218 192 10 103 63 23 102 130 10 208 157 117
1922 417 678 10 934 10 670 10 10 1832 10 1531 3012 10 10 3100 2756 10 18 502 10 16 318 237 1220 2136 677 843 921 1397 10 296 412 420
1406 10 135 10 10 14 10 10 206 10 10 48 10 510 10 10 10 10 1119 10 10 13 10 32 323 10 10 10 10 10 10 10 20 10
10 578 67 244 17 280 10 10 434 42 75 106 270 10 96 160 1453 10 10 1195 10 392 396 237 87 147 795 10 218 191 530 1107 1528 341
74 116 100 605 31 70 57 10 130 912 1099 42 233 186 10 62 660 10 10 441 10 118 256 10 10 10 34 40 64 147 10 169 216 10
203 10 10 10 329 10 271 10 220 456 643 113 905 10 10 940 1617 10 10 10 10 60 361 159 154 229 49 217 83 80 10 10 256 10
115 10 448 1131 192 37 87 115 1080 10 145 53 271 1031 10 222 233 139 52 292 10 1399 10 10 243 133 133 49 57 10 84 116 228 10
475 909 1321 3747 712 125 655 1867 1395 1041 2942 1403 257 273 10 1310 1930 1416 10 302 2549 727 409 61 479 3230 571 10 482 594 10 1520 4188 41
10 10 57 29 848 35 266 10 924 1925 1430 2329 10 36 10 534 29 32 675 226 10 10 303 6879 14128 32 10 10 10 10 10 10 14502 10
201 380 423 299 10 10 101 33 440 81 1292 386 213 10 10 375 979 10 256 331 390 257 185 10 299 429 162 125 149 169 373 671 1087 75
12 10 127 262 139 173 49 84 10 46 49 159 174 10 50 100 134 165 10 152 153 4143 135 55 10 45 528 55 287 293 188 297 122 129
10 10 10 10 35 128 26 44 110 10 1518 61 10 217 34 10 36 72 10 10 10 88 17 10 10 38 15 10 105 10 10 14 27 134
38 10 96 10 10 84 13 59 10 25 132 121 1105 112 111 25 1902 23 66 1439 57 35 45 94 148 127 1386 12 697 121 149 631 112 352
10 3924 108 10 158 10 10 10 37 10 433 10 10 10 10 10 10 10 10 10 10 688 153 10 10 10 235 10 99 10 296 107 10 10
471 365 1746 804 805 265 874 1669 322 233 10 330 108 1033 753 64 368 2199 10 10 2863 82 497 1559 755 443 654 24 10 211 10 10 1446 10
10 10 33 108 77 10 40 33 95 117 77 10 57 3612 196 15 248 51 10 163 29 10 75 325 177 66 64 10 10 76 13 51 204 10
10 52 111 1144 66 58 24 194 53 10 30 50 10 12 10 10 829 10 40 10 1099 290 27 10 33 93 27 22 51 39 10 52 65 10
32 39 10 187 20 19 65 34 40 88 1593 10 34 122 10 85 246 90 10 71 10 237 10 10 10 173 340 24 10 150 19 178 147 52
168 976 586 335 751 227 667 1019 671 316 135 263 87 534 1065 41 200 717 171 150 328 10 10 10 174 149 663 39 10 91 615 661 143 10
365 218 282 32 831 10 404 187 68 177 1039 773 343 86 10 10 768 10 370 453 155 27 143 42 482 35 39 12 302 10 124 452 580 10
60 10 280 1610 450 330 76 10 224 335 287 237 379 66 10 266 436 10 359 452 213 10 10 10 153 360 1060 145 10 184 10 501 1298 10
10 10 12 10 109 10 10 38 10 109 10 10 10 10 10 10 10 10 10 10 10 2516 10 10 10 10 198 18 10 10 10 21 10 1433
10 10 10 10 10 10 10 10 10 669 10 3161 10 10 10 3873 10 10 10 10 10 10 10 10 496 10 10 10 10 50 10 10 35 10
354 10 10 10 185 10 76 10 10 284 1191 141 1334 10 10 160 1959 10 10 306 10 138 10 10 1376 354 10 352 10 10 10 10 262 10
10 1313 10 10 10 10 10 10 10 10 10 10 10 10 463 10 10 10 10 10 74 1664 1772 136 10 10 10 10 761 10 10 10 10 1339
10 842 10 1508 127 383 23 10 10 200 361 146 233 343 115 10 233 10 10 394 10 224 168 488 147 355 272 126 177 250 296 10 10 23
172 1214 10 81 68 10 90 158 365 298 105 10 10 132 359 51 10 251 121 36 10 406 625 387 10 10 10 36 380 17 10 221 10 476
125 1778 2386 10 10 10 10 932 10 205 10 111 10 174 7109 10 10 727 10 60 2927 10 105 328 67 158 58 10 266 95 24 134 76 10
10 645 10 80 107 307 10 100 10 10 115 579 181 679 822 30 184 144 48 300 140 483 246 491 10 10 10 12 667 15 173 10 243 594
204 52 30 32 860 75 854 62 244 179 10 144 10 84 2174 21 89 95 183 58 10 116 268 446 10 768 42 279 467 21 74 359 512 1121
33 49 13 499 90 667 195 10 10 143 234 10 57 10 208 144 92 102 89 97 74 154 77 117 10 105 2216 183 1244 443 824 437 63 571
14 10 10 77 25 10 10 115 19 10 173 10 1553 70 27 31 289 10 76 213 19 10 10 10 35 66 102 111 10 10 10 51 64 10
321 501 205 10 205 10 177 1028 10 10 94 10 10 168 718 15 59 379 10 10 625 10 10 10 765 14 53 10 10 10 10 10 10 10
21 10 10 10 10 15 10 10 58 10 15 10 26 1803 10 54 10 10 10 10 10 10 10 10 91 10 10 10 10 10 10 10 120 10
10 531 10 1351 10 10 230 70 10 10 57 10 10 10 10 10 10 104 76 10 10 177 208 10 10 143 10 25 10 65 90 10 463 10
158 270 10 117 10 10 159 10 10 614 43 10 420 10 641 10 909 10 73 552 10 10 125 266 264 10 564 10 140 10 10 301 134 447
56 10 51 10 28 60 59 99 290 10 88 47 21 10 10 1059 70 83 38 10 49 102 351 45 122 22 94 47 16 313 667 377 831 99
35 280 10 68 10 26 10 10 10 18 635 10 57 22 69 10 1785 27 10 452 10 517 10 71 10 19 10 10 10 50 10 55 97 155
57 10 342 107 115 24 268 19 74 117 135 74 32 215 10 64 41 174 266 214 196 1308 464 442 238 10 10 10 72 100 21 179 163 1216
10 10 10 10 26 240 160 10 320 10 73 452 27 365 177 252 95 10 147 10 324 82 911 227 10 10 293 106 1633 402 82 323 299 20
24 64 10 19 23 30 10 27 10 3208 10 41 10 10 10 46 88 10 10 10 14 10 2551 10 221 39 10 10 10 10 10 10 48 10
97 1698 157 271 464 10 352 355 131 102 179 10 49 265 10 102 31 214 315 24 185 779 828 117 10 174 373 41 173 95 161 406 10 482
66 59 156 1892 49 58 73 10 38 85 70 125 40 24 10 44 494 10 10 106 290 1518 42 10 82 510 73 54 243 10 46 66 273 186
10 64 13 10 33 19 10 10 10 12 54 41 10 10 10 14 42 10 10 10 10 2339 118 10 10 87 10 13 83 30 10 10 10 98
47 1651 190 251 82 56 122 38 118 115 79 10 127 10 10 16 259 219 351 147 108 2447 10 10 224 55 10 35 10 76 11 68 131 10
10 161 226 712 72 17 106 10 28 11 1253 10 10 96 96 10 40 305 10 82 10 10 10 10 35 107 10 10 10 10 10 10 494 10
10 1075 217 144 122 10 89 10 10 10 146 284 10 10 505 12 66 160 107 10 17 436 785 32 10 87 123 28 377 32 10 135 38 204
10 973 10 433 91 162 31 10 119 385 74 10 741 198 220 79 1521 20 10 574 44 127 251 361 173 160 284 161 222 71 196 218 13 211
58 10 276 125 443 243 373 265 565 168 173 159 389 10 10 620 254 254 295 10 10 1225 10 550 324 195 43 132 10 10 10 450 263 303
301 243 10 26 32 567 1553 10 815 628 74 47 163 1475 189 75 1180 498 248 10 111 10 143 214 1764 10 10 20 211 163 92 148 17 72
130 10 622 415 176 10 153 632 10 22 10 10 23 570 146 91 14 461 76 10 1112 10 10 10 152 10 13 10 10 36 10 10 425 10
10 1112 10 10 48 38 10 11 14 72 10 10 10 122 285 10 10 10 21 10 10 771 728 227 10 10 10 10 228 78 48 13 13 50
300 96 10 10 10 10 10 10 10 222 188 10 10 10 100 235 10 10 1470 10 10 10 10 84 866 10 10 10 10 10 10 10 74 896
1036 3027 5618 90 2143 164 2465 4188 917 2047 13 874 1431 428 1270 486 1355 3124 211 2220 2391 10 349 800 1777 31 236 63 10 10 10 234 680 10
468 10 10 368 454 10 10 10 2909 10 311 1377 10 408 10 4191 10 48 5359 10 10 10 1147 2171 5629 136 10 10 10 10 10 10 278 10
69 1050 190 10 10 10 224 144 10 180 201 10 140 408 359 10 10 284 212 360 341 923 10 1094 33 68 10 12 426 10 36 10 10 283
10 1169 10 149 10 72 10 243 10 10 19 10 10 434 15 10 10 386 155 10 179 1139 10 273 200 10 120 10 10 252 10 10 10 10
134 235 151 113 942 10 1060 616 284 391 15 10 10 273 216 10 223 510 10 33 486 10 183 74 90 63 29 199 10 10 10 10 300 281
598 10 961 1007 1096 1037 474 239 223 403 116 10 375 554 4692 462 63 836 10 356 1364 10 3603 10 50 1387 1424 832 3728 924 1532 637 129 72
10 74 10 138 41 38 56 10 20 10 13 10 10 24 1432 10 65 10 26 152 10 10 10 10 63 509 73 123 88 32 123 42 133 121
200 3554 18 10 10 104 172 408 335 64 141 246 225 269 420 127 10 277 125 10 213 1161 753 420 160 380 10 10 568 337 36 159 133 438
456 1646 507 52 520 261 974 512 23 124 294 363 10 10 339 10 135 181 177 10 286 483 695 208 26 473 832 291 392 10 10 438 10 17
10 10 10 381 10 10 77 105 10 91 823 10 10 1179 27 94 10 10 195 10 10 10 10 10 462 10 10 10 10 41 10 10 152 10
172 308 136 3375 171 79 169 37 25 76 196 75 109 357 281 10 107 417 10 61 249 185 10 48 131 506 448 171 294 10 96 63 285 289
62 340 10 320 68 77 358 61 26 65 2113 75 27 20 10 21 412 51 77 141 926 506 130 48 10 152 68 26 21 193 10 323 1699 10
10 10 100 3233 172 10 45 10 10 10 10 10 10 10 131 10 10 10 85 10 10 10 12 58 10 10 10 66 10 10 10 10 10 10
10 64 10 275 10 84 120 127 218 150 10 31 524 319 10 24 1525 76 10 402 10 276 130 110 193 106 538 10 110 169 10 70 365 181
735 10 10 195 402 10 10 10 10 10 450 10 10 798 297 374 80 37 10 10 10 276 190 107 10 1147 880 594 802 54 10 241 1116 621
179 10 10 277 10 10 60 87 428 10 324 10 99 249 10 48 835 10 10 489 106 1487 10 162 10 293 917 10 370 102 10 145 439 10
181 99 1027 6018 283 468 102 712 304 133 197 608 68 894 10 50 842 205 90 235 557 1205 10 260 196 1302 401 138 76 10 234 205 574 85
10 10 225 59 205 10 10 192 10 10 10 10 10 870 247 10 10 10 10 10 10 10 10 10 10 182 10 10 508 10 136 10 148 1042
236 1286 303 10 10 10 34 10 10 10 45 10 17 10 737 10 10 10 251 262 815 683 961 696 27 325 95 10 738 10 859 10 10 578
939 399 303 926 34 104 10 1003 1064 581 24 710 119 1232 401 488 10 559 804 10 749 10 562 413 797 143 14 23 67 10 274 10 524 256
10 10 10 10 10 10 10 10 10 10 10 10 10 10 2332 10 10 10 10 10 10 879 10 888 10 10 10 10 10 10 10 10 10 591
38 10 57 536 26 14 11 33 10 50 1815 15 31 10 15 10 233 10 18 121 14 118 233 16 23 115 10 35 23 21 10 26 333 31
192 10 10 86 311 10 73 105 196 227 10 10 10 263 297 10 10 212 30 171 456 10 10 755 10 180 225 10 10 119 305 31 10 1306
10 10 67 16 10 1251 10 10 10 10 60 10 10 10 10 10 66 10 10 10 10 10 10 10 10 10 5296 10 106 10 1682 949 10 10
10 2563 10 10 10 10 10 10 10 10 10 10 10 10 679 10 10 10 10 10 10 10 1584 153 10 10 137 10 765 10 10 10 10 211
43 10 150 192 55 58 70 250 212 157 36 164 151 377 1521 62 71 263 77 10 183 1526 2051 10 160 22 48 32 1326 47 23 97 149 357
10 10 10 25 10 10 10 10 10 10 2583 10 10 10 10 10 10 10 10 10 10 2168 10 10 10 10 482 10 10 10 10 10 35 10
140 10 183 159 420 10 167 633 95 138 90 10 256 10 10 441 372 10 248 123 10 10 155 19 286 228 135 99 64 1377 10 97 259 243
373 168 403 484 357 54 290 450 61 321 92 72 21 500 251 61 139 1006 17 10 1588 74 133 10 202 231 467 29 10 76 63 45 697 10
130 10 231 2165 56 28 10 172 71 28 42 74 82 10 490 42 10 27 10 87 337 445 10 172 77 235 10 33 192 119 967 10 40 487
10 10 91 767 10 10 240 398 10 61 1055 10 341 10 61 10 690 298 10 132 732 243 10 175 10 63 136 10 99 326 10 48 387 33
10 203 10 10 10 10 10 10 10 25 10 10 10 10 1216 10 10 10 10 10 10 10 286 673 10 115 10 10 10 69 10 10 10 10
169 81 762 910 378 10 737 617 65 308 388 10 157 474 10 19 320 377 68 425 602 287 10 218 10 216 335 85 10 26 10 84 296 10
22 457 742 2432 327 10 3224 174 146 10 18 10 42 1388 19 133 172 3008 136 65 168 41 102 501 911 174 230 112 10 10 149 38 73 94
41 10 10 29 10 10 51 250 73 149 27 91 2831 158 10 23 6254 93 10 3566 10 320 10 42 139 111 117 10 57 10 10 10 54 175
115 10 229 466 10 10 99 460 10 244 3148 10 54 10 10 18 418 27 10 537 10 10 10 10 178 208 381 76 10 10 32 279 948 10
15 1001 690 214 644 10 365 575 412 49 41 10 10 198 289 49 105 403 347 434 10 943 821 16 10 147 628 10 433 97 234 398 207 914
16 1169 102 10 10 109 152 10 38 10 10 219 47 10 629 85 58 139 457 76 49 586 798 638 63 10 135 10 504 158 51 47 10 289
10 10 82 35 70 1304 218 10 41 21 178 87 10 10 146 93 105 10 10 10 10 10 10 107 24 387 1125 231 1730 352 1297 695 49 1958
583 10 577 10 27 501 300 52 301 61 427 10 431 584 10 458 408 288 430 423 1182 10 10 10 506 284 130 371 10 239 10 46 381 10
10 293 10 10 10 10 10 10 10 10 10 10 10 10 10 10 10 10 10 10 10 1587 10 514 10 10 10 10 663 10 10 10 10 1768
10 1433 81 223 52 141 10 10 10 10 49 154 108 10 10 10 10 10 10 65 294 10 1032 10 129 10 212 59 10 78 219 10 53 10
12 10 10 141 214 194 284 281 10 171 238 85 110 128 111 93 66 13 437 179 279 10 10 169 270 261 1427 312 229 143 265 228 256 194
173 635 945 377 337 10 1035 597 735 334 54 125 10 136 10 155 207 775 345 30 969 157 288 579 889 41 27 10 114 13 194 173 1005 175
10 1035 10 10 10 10 10 10 10 10 10 10 10 10 529 32 10 10 10 10 10 622 592 260 10 10 10 10 406 10 10 10 10 251
10 10 10 10 10 70 10 10 10 18 49 10 10 10 10 31 10 10 10 140 10 160 381 10 10 10 388 10 1597 10 10 10 10 253
10 10 10 10 217 10 124 141 13 96 696 285 755 26 19 192 242 337 10 10 10 376 10 107 537 482 264 337 235 842 10 10 10 10
312 10 865 1378 246 2284 874 1541 1335 1016 8306 5352 13614 289 10 5445 4250 351 6939 6050 1891 544 10 289 12722 2694 385 562 10 1756 10 895 1632 10
104 10 94 119 518 436 209 10 10 34 284 110 93 10 243 22 37 174 191 10 10 66 715 97 92 12 431 269 12 52 286 742 978 389
65 94 3198 55 164 10 1117 1045 58 21 357 96 16 10 10 10 226 41 56 177 1234 113 25 10 17 10 52 10 94 39 38 56 67 96
334 10 408 10 1005 56 1522 145 1164 56 57 97 83 958 1575 36 678 146 104 118 151 141 858 872 203 103 129 22 91 10 10 38 414 79
260 10 19 642 10 989 454 354 693 491 1176 45 681 10 10 220 435 372 116 461 14 10 10 10 259 987 1885 1149 35 10 30 895 546 10
221 10 10 10 10 413 228 661 635 113 10 476 289 814 571 10 384 645 452 422 499 1028 861 605 271 223 663 297 10 158 446 509 783 335
45 161 216 3664 94 56 10 352 166 36 10 10 38 38 104 67 1421 97 10 193 3110 478 10 68 38 322 10 10 71 45 10 10 10 10
10 10 10 375 37 10 10 10 10 20 76 25 533 10 10 10 1224 10 10 601 44 224 10 10 16 13 30 11 10 10 10 10 10 10
141 10 10 10 414 369 216 10 1017 45 861 148 299 96 281 160 103 300 160 272 10 401 32 94 73 10 113 10 313 602 73 159 532 310
38 548 82 1369 320 10 174 31 10 59 77 289 10 10 305 64 384 10 74 189 377 420 251 286 15 382 91 71 511 73 61 43 401 142
10 193 66 65 85 56 24 10 221 10 201 10 238 46 10 40 1771 46 36 1432 36 257 203 65 32 24 278 27 179 537 138 403 1149 425
10 74 103 10 10 17 32 10 277 1229 10 115 10 635 420 106 48 65 93 10 72 605 472 862 474 10 10 10 23 10 42 10 1208 52
98 64 225 248 53 436 211 12 58 115 437 10 113 870 795 226 222 10 104 10 19 2826 3635 755 229 10 107 106 2006 10 10 14 10 1358
15 10 10 87 59 1019 58 16 10 10 213 318 25 10 119 13 180 10 10 262 42 85 150 16 10 325 2166 85 730 496 882 1335 297 661
85 1361 229 67 127 10 69 10 10 239 10 82 10 10 19 179 10 10 171 103 185 730 10 240 67 114 30 27 10 76 138 51 10 775
2009 2029 1876 3066 4389 10 1676 1712 1193 227 10 472 42 154 5368 289 225 2281 2261 10 3992 35 180 286 1333 3466 229 1057 2961 78 690 965 1374 3258
1617 295 2262 5121 9161 10 3318 2954 2736 3522 2201 469 10 10 2846 10756 3348 10 2003 2379 4631 5794 351 761 1056 1158 3020 242 1758 7084 665 195 5258 324
10 10 10 10 10 10 437 10 437 10 963 373 10 10 10 301 51 104 10 62 10 265 62 10 10 10 569 10 10 10 26 82 856 10
86 10 168 2084 82 26 91 239 71 64 68 10 80 10 10 45 797 79 68 85 1486 63 10 10 103 159 34 53 39 117 82 143 25 36
10 10 211 332 157 68 10 227 10 607 683 342 986 176 10 10 899 165 10 499 484 10 552 10 259 385 638 88 10 10 199 10 262 10
364 10 625 615 686 10 557 426 569 376 10 354 27 673 42 10 10 475 10 10 209 10 467 10 234 304 10 40 82 10 10 10 147 85
10 10 456 3297 139 75 114 118 10 12 109 307 239 10 567 10 1830 30 10 393 1855 367 10 10 100 342 10 33 700 63 405 144 101 923
16 89 10 44 123 56 155 130 34 10 166 710 932 10 548 567 641 146 263 538 10 188 168 10 440 10 64 14 149 30 190 38 200 354
212 10 10 190 149 58 10 692 127 103 1381 239 246 34 135 120 106 452 10 250 202 10 10 10 34 32 193 58 10 10 36 35 133 10
10 1299 10 73 52 116 98 10 119 37 10 10 181 10 169 10 88 67 10 10 140 10 846 231 35 15 10 10 143 56 10 10 10 10
10 914 868 73 10 1517 10 10 10 10 978 10 10 10 10 68 1319 10 10 17 10 389 70 289 10 805 1188 14 689 348 1420 7221 728 683
355 10 384 301 644 319 605 897 85 72 166 175 270 1087 10 133 355 1449 917 765 928 10 10 10 712 329 494 135 10 485 659 690 329 10
10 10 10 1801 10 1231 101 3612 208 10 1804 10 584 10 10 20 4378 10 10 10 10 10 10 10 705 588 377 10 10 10 10 10 2782 10
157 541 262 202 350 10 79 226 10 281 37 10 137 10 494 10 55 121 18 452 66 1974 575 547 10 192 157 10 444 52 251 287 482 1410
188 109 94 13 131 148 265 10 770 98 410 62 47 36 46 709 58 60 10 293 10 348 396 283 98 73 139 118 68 1127 1034 2262 2406 1442
39 10 156 10 27 10 120 1656 10 10 10 86 20 46 115 47 33 703 22 10 456 10 27 10 86 10 10 10 58 10 10 10 54 10
10 163 271 10 10 10 182 1710 10 10 10 10 35 88 10 20 10 692 10 10 412 10 67 10 77 10 17 10 10 10 10 10 10 110
31 62 1117 23 12 75 713 2144 14 10 22 176 10 90 50 38 10 2001 10 24 1554 96 10 35 275 13 10 10 58 23 10 31 69 96
10 1020 765 256 663 109 38 10 58 227 820 486 67 442 494 10 10 10 545 460 132 10 728 537 112 27 425 90 225 441 309 246 54 378
45 163 84 199 10 93 682 18 217 594 10 1040 10 307 10 2293 10 10 22 28 10 82 225 78 1387 84 89 91 16 36 10 38 55 112
533 1649 2014 473 324 10 2512 1513 239 10 186 268 10 46 567 10 105 4080 10 237 55 10 10 172 471 10 10 10 10 10 10 10 141 10
204 10 663 980 849 173 936 102 580 206 194 39 153 681 532 10 327 202 17 195 283 10 52 182 371 217 596 176 27 10 10 388 261 226
57 924 1588 1970 10 227 169 209 254 747 1337 214 10 10 347 616 1990 263 10 315 913 641 434 367 10 362 1489 73 759 420 861 3415 2536 613
2914 300 2676 5513 947 10 988 609 1515 697 10 377 10 2018 482 864 218 524 723 10 237 1020 554 192 1105 1560 10 72 34 10 10 10 389 131
106 10 81 195 130 10 138 46 98 54 138 1042 10 713 142 590 214 160 133 63 38 1050 10 29 917 139 126 17 10 50 271 173 200 23
98 10 390 99 10 341 636 10 2156 10 291 10 10 10 10 240 89 442 137 10 10 572 273 104 10 60 177 33 10 106 392 719 926 259
10 10 10 10 17 10 10 10 10 80 3611 10 10 10 10 10 74 128 10 10 74 10 10 10 40 10 10 10 10 10 10 10 20 10
598 392 99 633 1403 337 1188 10 74 372 10 10 1785 1248 10 10 1525 10 10 1164 10 674 10 126 19 1272 1010 421 966 147 1026 603 10 835
109 47 94 1064 10 150 367 159 10 271 1118 491 127 10 10 318 756 10 155 190 474 10 10 10 514 99 119 10 10 36 10 99 2271 10
213 10 10 10 10 300 93 10 238 78 817 52 572 10 92 230 636 10 10 334 10 1178 165 10 93 99 493 198 83 217 544 729 1970 155
1064 146 1299 1333 962 10 673 10 10 414 10 10 141 1405 42 441 170 496 833 162 286 10 665 130 1882 443 169 79 16 10 10 10 68 205
63 1227 187 68 225 10 162 68 74 15 55 101 10 10 1185 10 104 67 10 10 85 290 298 1012 10 54 79 14 265 93 173 142 10 200
10 10 10 10 10 10 10 10 10 10 1198 10 10 10 92 10 2114 10 10 10 10 10 351 10 10 10 10 10 65 10 10 7754 457 10
10 303 10 10 31 10 10 10 10 9003 60 10 10 172 88 10 10 114 10 10 10 10 1147 19 575 10 10 10 10 10 10 10 90 37
10 10 201 10 10 88 10 10 10 208 3637 10 10 10 10 10 10 10 76 107 10 10 10 10 10 10 10 10 10 117 267 10 78 10
76 10 79 885 78 303 267 10 82 116 494 130 63 10 10 296 660 200 29 145 27 165 22 10 116 50 415 10 79 763 171 435 2248 207
1182 16000 11520 420 359 10 489 7075 413 571 226 250 123 1421 16000 348 408 8897 239 382 16000 10 2239 4017 620 971 663 125 2687 32 669 1183 766 654
80 10 162 661 51 314 133 27 10 82 2204 28 165 496 10 186 305 323 10 166 196 177 10 10 205 317 227 55 10 10 69 632 381 170
10 10 21 318 10 10 172 122 166 261 344 17 37 16 235 10 620 330 10 274 254 179 349 364 105 23 252 17 181 10 10 2418 320 60
63 459 10 71 66 10 10 10 10 38 81 10 10 144 490 10 79 10 121 189 10 835 1187 543 60 10 10 35 737 100 394 10 10 525
71 10 253 10 265 616 421 79 440 10 10 770 452 878 10 295 239 202 250 488 10 10 424 10 207 10 10 10 10 10 10 10 562 10
200 2108 130 10 258 10 302 228 113 121 145 10 10 10 556 210 38 121 140 123 625 489 404 547 10 270 199 100 826 258 384 334 105 779
10 1209 10 10 512 28 301 57 134 10 37 10 10 10 324 81 10 10 10 10 10 514 379 201 50 10 107 10 374 10 10 594 24 211
467 265 565 1229 661 10 492 499 100 36 10 591 359 721 239 430 115 538 10 366 548 10 178 227 263 381 202 178 253 10 10 114 371 80
10 79 931 876 132 10 941 863 10 50 10 10 648 10 10 10 366 2020 10 1296 753 10 10 10 10 10 216 10 91 10 10 10 237 249
28 10 10 104 155 213 98 282 10 126 148 2224 10 74 196 708 174 156 117 130 456 326 10 302 174 152 262 61 10 348 10 226 154 10
462 884 286 10 1832 40 1148 509 176 10 29 195 325 299 239 109 402 526 10 171 198 177 10 61 33 225 38 47 35 10 73 82 439 142
10 10 288 172 69 150 113 206 10 51 10 653 31 44 38 10 256 594 521 10 239 94 90 68 355 133 29 89 56 10 1699 281 868 10
95 10 766 751 677 21 830 443 665 30 577 10 207 870 10 265 360 1251 793 338 646 10 10 10 130 385 390 94 10 10 121 339 319 156
1686 1937 4106 1976 2335 462 1953 2304 1053 984 872 10 2173 946 10 1813 681 3898 2000 2217 2382 10 10 2796 1595 767 2823 1170 10 10 232 1697 100 10
330 16000 10 65 1938 10 404 543 10 271 10 10 233 10 6132 10 10 10 10 65 822 16000 10583 4317 314 173 397 10 5391 515 10 374 10 10004
403 1629 19 874 1151 98 591 10 506 10 315 10 10 10 10 186 96 491 567 76 1041 2021 1222 156 10 126 367 10 1114 187 738 407 452 10
10 10 486 499 306 1351 285 273 629 307 392 182 582 982 10 516 297 561 446 281 125 10 278 10 709 78 312 222 10 280 692 271 1286 10
260 447 663 752 763 441 678 364 737 181 251 10 162 713 10 531 448 563 1006 313 790 10 10 10 141 469 411 106 10 10 380 555 174 10
10 10 10 448 10 17 10 10 10 10 584 51 10 10 146 71 995 10 10 10 170 691 725 10 10 174 277 10 268 250 128 608 987 181
10 260 10 10 10 10 10 265 10 10 10 642 10 781 409 123 10 10 10 10 10 10 467 10 1059 10 430 261 10 10 63 10 10 602
375 10 442 46 10 10 142 450 839 10 91 10 398 132 432 10 274 696 202 311 1300 44 12 26 179 56 124 35 10 10 10 58 39 164
52 10 82 13 86 49 10 158 31 10 69 137 10 98 61 25 18 149 77 54 145 2903 148 68 10 20 25 28 84 84 74 31 10 56
10 10 10 149 10 10 10 10 43 10 1409 73 10 10 10 421 91 37 10 10 102 10 10 156 10 10 10 10 10 26 40 10 372 10
135 1766 400 311 425 500 49 147 151 25 10 248 93 144 189 189 37 542 224 247 10 1070 10 276 182 22 151 52 10 10 811 321 209 10
84 240 42 898 74 291 367 290 134 351 424 393 110 10 10 314 663 344 335 335 629 356 130 140 215 31 121 49 10 585 10 206 2591 10
165 1552 36 61 121 44 93 169 40 69 25 172 10 14 10 51 33 10 10 320 10 10 873 78 124 33 63 56 203 124 430 170 51 721
10 10 10 10 10 10 10 10 10 10 10 10 10 10 10 10 937 10 10 10 10 10 10 10 10 10 68 10 10 15 10 11060 10 10
10 1378 247 438 40 10 206 356 10 268 43 99 10 92 10 27 157 421 323 10 209 655 487 136 10 10 10 10 13 10 10 289 62 455
115 623 346 539 63 240 402 358 419 289 474 170 96 168 10 376 1388 584 78 185 362 16 10 312 25 285 536 73 10 10 161 1250 507 10
10 322 462 919 10 70 10 948 67 82 387 10 148 10 10 10 890 10 10 102 10 96 10 10 294 402 201 10 10 10 10 10 505 10
91 1445 186 157 194 429 342 441 239 11 86 59 10 150 722 217 77 10 107 10 194 2027 504 439 210 69 10 13 618 200 161 77 21 442
